1.000005528330802917e-01
1.000005826354026794e-01
1.000005677342414856e-01
1.000005826354026794e-01
1.000005677342414856e-01
1.000005453824996948e-01
1.000005677342414856e-01
1.000005900859832764e-01
1.000005677342414856e-01
1.000005453824996948e-01
1.000005677342414856e-01
1.000005826354026794e-01
1.000005677342414856e-01
1.000005826354026794e-01
1.000005528330802917e-01
1.000185534358024597e-01
1.000416055321693420e-01
1.000644341111183167e-01
1.000810116529464722e-01
1.000885739922523499e-01
1.000784933567047119e-01
1.000501513481140137e-01
1.000199094414710999e-01
1.000030636787414551e-01
1.000000387430191040e-01
1.000016853213310242e-01
1.000018790364265442e-01
1.000008657574653625e-01
1.000003889203071594e-01
1.000005453824996948e-01
9.992414712905883789e-02
9.982647001743316650e-02
9.972955286502838135e-02
9.965931624174118042e-02
9.962715208530426025e-02
9.966984391212463379e-02
9.979015588760375977e-02
9.991850703954696655e-02
9.998985379934310913e-02
1.000025868415832520e-01
9.999573230743408203e-02
9.999497234821319580e-02
9.999914467334747314e-02
1.000012457370758057e-01
1.000005379319190979e-01
9.989429265260696411e-02
9.975843876600265503e-02
9.962365776300430298e-02
9.952598810195922852e-02
9.948126971721649170e-02
9.954062104225158691e-02
9.970792382955551147e-02
9.988647699356079102e-02
9.998572617769241333e-02
1.000034064054489136e-01
9.999383985996246338e-02
9.999281913042068481e-02
9.999865293502807617e-02
1.000015437602996826e-01
1.000005379319190979e-01
1.022797822952270508e-01
1.051948964595794678e-01
1.080863326787948608e-01
1.101825237274169922e-01
1.111417785286903381e-01
1.098672375082969666e-01
1.062779128551483154e-01
1.024489104747772217e-01
1.003196835517883301e-01
9.993874281644821167e-02
1.001440808176994324e-01
1.001673489809036255e-01
1.000421419739723206e-01
9.997975826263427734e-02
1.000004857778549194e-01
9.287755936384201050e-02
8.376563340425491333e-02
7.472691684961318970e-02
6.817451864480972290e-02
6.517674028873443604e-02
6.916067749261856079e-02
8.037927001714706421e-02
9.234744310379028320e-02
9.900323301553726196e-02
1.001939997076988220e-01
9.955176711082458496e-02
9.947887808084487915e-02
9.987062960863113403e-02
1.000658124685287476e-01
1.000005081295967102e-01
7.567815482616424561e-02
4.457268863916397095e-02
1.371797174215316772e-02
-8.651621639728546143e-03
-1.888898760080337524e-02
-5.289122462272644043e-03
3.301269561052322388e-02
7.387300580739974976e-02
9.659552574157714844e-02
1.006609201431274414e-01
9.846873581409454346e-02
9.821980446577072144e-02
9.955681860446929932e-02
1.002231016755104065e-01
1.000005677342414856e-01
3.997251689434051514e-01
7.812461256980895996e-01
1.159665346145629883e+00
1.434593081474304199e+00
1.561035990715026855e+00
1.394284248352050781e+00
9.234191179275512695e-01
4.210620224475860596e-01
1.418196856975555420e-01
9.190357476472854614e-02
1.188321709632873535e-01
1.218720749020576477e-01
1.054485365748405457e-01
9.727028012275695801e-02
1.000005155801773071e-01
7.113373875617980957e-01
1.407232642173767090e+00
2.096201896667480469e+00
2.623261451721191406e+00
2.894303560256958008e+00
2.592608928680419922e+00
1.683967709541320801e+00
7.131707668304443359e-01
1.788375675678253174e-01
8.491074293851852417e-02
1.359855383634567261e-01
1.413815468549728394e-01
1.102645918726921082e-01
9.486966580152511597e-02
1.000005304813385010e-01
4.369195699691772461e-01
3.964383006095886230e-01
3.488423824310302734e-01
4.651927351951599121e-01
6.818421483039855957e-01
7.135123014450073242e-01
4.798884391784667969e-01
2.228166759014129639e-01
1.101440414786338806e-01
9.905040264129638672e-02
1.073154956102371216e-01
1.061368584632873535e-01
1.012801006436347961e-01
9.943328797817230225e-02
1.000005677342414856e-01
2.414458394050598145e-01
1.174612715840339661e-01
-1.384588330984115601e-02
-1.678978651762008667e-02
8.344851434230804443e-02
1.456591337919235229e-01
1.216237917542457581e-01
9.230795502662658691e-02
9.560541808605194092e-02
1.017557308077812195e-01
9.952264279127120972e-02
9.793181717395782471e-02
9.933010488748550415e-02
1.003819033503532410e-01
1.000005900859832764e-01
9.432601928710937500e-02
1.259717792272567749e-01
1.499716490507125854e-01
1.427822709083557129e-01
1.166469752788543701e-01
9.930039197206497192e-02
9.888822585344314575e-02
1.022775545716285706e-01
1.016914993524551392e-01
1.001535803079605103e-01
9.989940375089645386e-02
1.001123636960983276e-01
1.000630632042884827e-01
9.995731711387634277e-02
1.000006720423698425e-01
9.594307094812393188e-02
1.057502031326293945e-01
1.139581948518753052e-01
1.124454140663146973e-01
1.045003831386566162e-01
9.925071150064468384e-02
9.952037781476974487e-02
1.007555201649665833e-01
1.004851385951042175e-01
9.999827295541763306e-02
9.999186545610427856e-02
1.000730320811271667e-01
1.000296026468276978e-01
9.998239576816558838e-02
1.000005751848220825e-01
1.009568572044372559e-01
9.868274629116058350e-02
9.677428007125854492e-02
9.712022542953491211e-02
9.896135330200195312e-02
1.001778542995452881e-01
1.001128628849983215e-01
9.982514381408691406e-02
9.988834708929061890e-02
1.000014618039131165e-01
1.000024974346160889e-01
9.998343884944915771e-02
9.999372065067291260e-02
1.000048667192459106e-01
1.000005379319190979e-01
1.000005751848220825e-01
1.000005900859832764e-01
1.000005602836608887e-01
1.000005751848220825e-01
1.000005751848220825e-01
1.000005453824996948e-01
1.000005453824996948e-01
1.000005975365638733e-01
1.000005900859832764e-01
1.000005379319190979e-01
1.000005453824996948e-01
1.000005826354026794e-01
1.000005826354026794e-01
1.000005826354026794e-01
1.000005453824996948e-01
1.000005379319190979e-01
1.000005602836608887e-01
1.000005453824996948e-01
1.000005602836608887e-01
1.000005453824996948e-01
1.000005304813385010e-01
1.000005528330802917e-01
1.000005677342414856e-01
1.000005453824996948e-01
1.000005304813385010e-01
1.000005528330802917e-01
1.000005602836608887e-01
1.000005453824996948e-01
1.000005602836608887e-01
1.000005453824996948e-01
9.999112784862518311e-02
9.970153123140335083e-02
9.928164631128311157e-02
9.901299327611923218e-02
9.911595284938812256e-02
9.947091341018676758e-02
9.977164119482040405e-02
9.988084435462951660e-02
9.991889446973800659e-02
9.999566525220870972e-02
1.000496447086334229e-01
1.000320762395858765e-01
9.999499469995498657e-02
9.998720884323120117e-02
1.000006645917892456e-01
1.000482216477394104e-01
1.012172475457191467e-01
1.029036790132522583e-01
1.039919182658195496e-01
1.036035120487213135e-01
1.021878719329833984e-01
1.009631156921386719e-01
1.005085855722427368e-01
1.003468558192253113e-01
1.000236943364143372e-01
9.979340434074401855e-02
9.986457973718643188e-02
1.000229716300964355e-01
1.000580564141273499e-01
9.999985247850418091e-02
1.006277725100517273e-01
1.019305735826492310e-01
1.039808988571166992e-01
1.055916398763656616e-01
1.052185967564582825e-01
1.029443591833114624e-01
1.008764728903770447e-01
1.005984842777252197e-01
1.008981242775917053e-01
1.003104820847511292e-01
9.957446902990341187e-02
9.959024935960769653e-02
9.998618811368942261e-02
1.001299768686294556e-01
9.999960660934448242e-02
1.039511784911155701e-01
6.362002342939376831e-02
6.862692534923553467e-03
-2.750941365957260132e-02
-1.473011821508407593e-02
2.604255080223083496e-02
6.104702875018119812e-02
8.001525700092315674e-02
9.194359183311462402e-02
1.018799766898155212e-01
1.052707210183143616e-01
1.020399332046508789e-01
9.872654080390930176e-02
9.863133728504180908e-02
1.000213846564292908e-01
7.777865976095199585e-02
1.426117718219757080e-01
2.240988910198211670e-01
2.429420650005340576e-01
1.669708788394927979e-01
6.407019495964050293e-02
1.312120258808135986e-02
2.137199789285659790e-02
5.556296557188034058e-02
8.628276735544204712e-02
1.003505587577819824e-01
1.010467186570167542e-01
9.863647073507308960e-02
9.857934713363647461e-02
1.000026166439056396e-01
3.565913438796997070e-02
6.041425466537475586e-01
1.344505906105041504e+00
1.650973796844482422e+00
1.219788908958435059e+00
4.857226610183715820e-01
2.584322541952133179e-02
-6.477553397417068481e-02
7.246360182762145996e-04
5.780735984444618225e-02
8.236343413591384888e-02
9.508228302001953125e-02
1.011719852685928345e-01
1.014545634388923645e-01
9.993844479322433472e-02
8.843830227851867676e-01
1.363151431083679199e+00
1.791365504264831543e+00
1.919585943222045898e+00
1.645771861076354980e+00
1.253281712532043457e+00
1.016147017478942871e+00
8.800151944160461426e-01
7.140414118766784668e-01
5.043143033981323242e-01
3.026869297027587891e-01
1.582844704389572144e-01
9.094262123107910156e-02
8.475842326879501343e-02
1.008441969752311707e-01
1.593474745750427246e+00
1.859617590904235840e+00
1.989408969879150391e+00
2.091443538665771484e+00
2.099378824234008789e+00
2.072271823883056641e+00
2.036080360412597656e+00
1.833365082740783691e+00
1.412567496299743652e+00
9.122334122657775879e-01
4.849384427070617676e-01
2.067535817623138428e-01
8.416914194822311401e-02
7.325644791126251221e-02
1.017014235258102417e-01
3.778574168682098389e-01
2.500360012054443359e-01
8.157098293304443359e-01
1.831933259963989258e+00
2.249085187911987305e+00
1.964129328727722168e+00
1.577529549598693848e+00
1.270426273345947266e+00
8.819251656532287598e-01
4.342723786830902100e-01
1.531313955783843994e-01
9.276150912046432495e-02
1.091046407818794250e-01
1.107565462589263916e-01
1.008488610386848450e-01
1.201573014259338379e-01
-4.236509650945663452e-02
2.760433256626129150e-01
9.118344783782958984e-01
1.164031386375427246e+00
9.835658073425292969e-01
7.814141511917114258e-01
6.536132097244262695e-01
4.595291018486022949e-01
2.098127007484436035e-01
7.161723077297210693e-02
7.708559185266494751e-02
1.112448722124099731e-01
1.131503283977508545e-01
1.003240942955017090e-01
2.283394336700439453e-01
1.519988179206848145e-01
-4.081033170223236084e-03
-1.714312732219696045e-01
-2.644703388214111328e-01
-2.125908732414245605e-01
-5.206535011529922485e-02
8.404749631881713867e-02
1.206891983747482300e-01
9.821611642837524414e-02
8.655726909637451172e-02
9.766363352537155151e-02
1.052352488040924072e-01
1.029771789908409119e-01
9.996968507766723633e-02
1.243916079401969910e-01
1.131939589977264404e-01
7.374089211225509644e-02
2.223980426788330078e-02
-5.689650774002075195e-03
9.976655244827270508e-03
5.196622759103775024e-02
8.539276570081710815e-02
9.647542983293533325e-02
9.626298397779464722e-02
9.719499200582504272e-02
1.001328900456428528e-01
1.011069938540458679e-01
1.003981828689575195e-01
9.998720139265060425e-02
8.912628889083862305e-02
9.496071934700012207e-02
1.069516092538833618e-01
1.182865574955940247e-01
1.229151487350463867e-01
1.195044517517089844e-01
1.112709566950798035e-01
1.033678352832794189e-01
9.952866286039352417e-02
9.949568659067153931e-02
1.002370938658714294e-01
1.001807823777198792e-01
9.990549832582473755e-02
9.989593178033828735e-02
1.000036448240280151e-01
1.000005677342414856e-01
1.000015139579772949e-01
9.999892115592956543e-02
9.999732673168182373e-02
9.999796003103256226e-02
9.998948872089385986e-02
9.997703880071640015e-02
9.998129308223724365e-02
9.999639540910720825e-02
1.000030189752578735e-01
1.000016927719116211e-01
1.000004559755325317e-01
1.000005155801773071e-01
1.000006273388862610e-01
1.000005304813385010e-01
1.000005304813385010e-01
1.000005528330802917e-01
1.000005453824996948e-01
1.000005528330802917e-01
1.000005379319190979e-01
1.000005230307579041e-01
1.000005453824996948e-01
1.000005677342414856e-01
1.000005379319190979e-01
1.000005230307579041e-01
1.000005453824996948e-01
1.000005602836608887e-01
1.000005379319190979e-01
1.000005528330802917e-01
1.000005379319190979e-01
1.003018394112586975e-01
1.003181189298629761e-01
1.004628539085388184e-01
1.008044779300689697e-01
1.011656001210212708e-01
1.013607010245323181e-01
1.013126671314239502e-01
1.010112762451171875e-01
1.005294024944305420e-01
1.000836193561553955e-01
9.990330785512924194e-02
9.996218979358673096e-02
1.000478938221931458e-01
1.000464409589767456e-01
9.999985992908477783e-02
9.868913888931274414e-02
9.887156635522842407e-02
9.865842014551162720e-02
9.742780029773712158e-02
9.569073468446731567e-02
9.448061138391494751e-02
9.446994960308074951e-02
9.571289271116256714e-02
9.775736182928085327e-02
9.963645786046981812e-02
1.004074886441230774e-01
1.001729145646095276e-01
9.980425983667373657e-02
9.980166703462600708e-02
1.000031977891921997e-01
9.579683095216751099e-02
9.742020815610885620e-02
9.838253259658813477e-02
9.625416994094848633e-02
9.311631321907043457e-02
9.275537729263305664e-02
9.433018416166305542e-02
9.453716874122619629e-02
9.510751068592071533e-02
9.830822050571441650e-02
1.011721864342689514e-01
1.012032330036163330e-01
9.992799162864685059e-02
9.951095283031463623e-02
1.000043153762817383e-01
1.163566857576370239e-01
1.338382512331008911e-01
1.681721806526184082e-01
2.130841016769409180e-01
2.591676115989685059e-01
3.034313321113586426e-01
3.133585155010223389e-01
2.517691552639007568e-01
1.569088250398635864e-01
9.937252104282379150e-02
9.287352114915847778e-02
1.048253402113914490e-01
1.088206917047500610e-01
1.042838096618652344e-01
9.991225600242614746e-02
9.184401482343673706e-02
3.054439425468444824e-01
6.479478478431701660e-01
8.990141153335571289e-01
8.762118816375732422e-01
6.769672036170959473e-01
4.838332831859588623e-01
3.346757292747497559e-01
2.072814404964447021e-01
1.172206252813339233e-01
8.715319633483886719e-02
9.709572792053222656e-02
1.073990613222122192e-01
1.054079309105873108e-01
9.999216347932815552e-02
2.212046831846237183e-02
9.005159139633178711e-01
2.232991695404052734e+00
3.062682867050170898e+00
2.643912315368652344e+00
1.457139372825622559e+00
5.335009098052978516e-01
2.616551518440246582e-01
2.877398729324340820e-01
2.361931204795837402e-01
1.264839619398117065e-01
7.864154875278472900e-02
8.583554625511169434e-02
9.840610623359680176e-02
1.002635434269905090e-01
1.083368062973022461e+00
1.750494956970214844e+00
2.357671499252319336e+00
2.547005653381347656e+00
2.156097412109375000e+00
1.550121426582336426e+00
1.233070015907287598e+00
1.258774638175964355e+00
1.249908447265625000e+00
9.735157489776611328e-01
6.073112487792968750e-01
3.513670265674591064e-01
2.107723653316497803e-01
1.335018128156661987e-01
9.642050415277481079e-02
1.970888257026672363e+00
2.312843084335327148e+00
2.244022846221923828e+00
1.996686339378356934e+00
1.809033513069152832e+00
1.841874003410339355e+00
2.095792293548583984e+00
2.324954271316528320e+00
2.184838056564331055e+00
1.640720725059509277e+00
1.030566811561584473e+00
5.972717404365539551e-01
3.284209966659545898e-01
1.675367653369903564e-01
9.278386086225509644e-02
4.354576766490936279e-01
4.625620543956756592e-01
1.221219182014465332e+00
2.401992082595825195e+00
2.912354707717895508e+00
2.625061273574829102e+00
2.174651145935058594e+00
1.810269951820373535e+00
1.374303936958312988e+00
8.513592481613159180e-01
4.637619554996490479e-01
2.865296900272369385e-01
1.991996467113494873e-01
1.332844495773315430e-01
9.640120714902877808e-02
1.056606769561767578e-01
4.886645078659057617e-02
7.372973561286926270e-01
1.897316575050354004e+00
2.449875354766845703e+00
2.111946344375610352e+00
1.469378113746643066e+00
9.863333106040954590e-01
6.653673648834228516e-01
4.007712602615356445e-01
2.282465100288391113e-01
1.621622741222381592e-01
1.351747512817382812e-01
1.121981069445610046e-01
9.862730652093887329e-02
2.403373420238494873e-01
1.743433475494384766e-01
4.689759016036987305e-01
1.100394725799560547e+00
1.473488330841064453e+00
1.197116732597351074e+00
5.642197728157043457e-01
1.384619325399398804e-01
6.366267800331115723e-02
1.152569875121116638e-01
1.340721994638442993e-01
1.167256385087966919e-01
1.008929982781410217e-01
9.794885665178298950e-02
1.001309007406234741e-01
1.526727080345153809e-01
1.260053366422653198e-01
1.682363450527191162e-01
2.913488149642944336e-01
3.724756836891174316e-01
3.153402209281921387e-01
1.782303452491760254e-01
9.159535914659500122e-02
8.584360778331756592e-02
1.030050739645957947e-01
1.068934276700019836e-01
1.018219739198684692e-01
9.893142431974411011e-02
9.935805946588516235e-02
1.000573486089706421e-01
1.109541952610015869e-01
1.026954948902130127e-01
8.057391643524169922e-02
5.514533072710037231e-02
4.458929598331451416e-02
5.669882148504257202e-02
8.178842067718505859e-02
1.024939268827438354e-01
1.092306971549987793e-01
1.053894460201263428e-01
1.002041250467300415e-01
9.868006408214569092e-02
9.958228468894958496e-02
1.002199351787567139e-01
9.998770803213119507e-02
1.000004783272743225e-01
9.999630600214004517e-02
1.000072360038757324e-01
1.000144109129905701e-01
1.000117585062980652e-01
1.000474244356155396e-01
1.001001521944999695e-01
1.000820845365524292e-01
1.000181660056114197e-01
9.999022632837295532e-02
9.999571740627288818e-02
1.000007763504981995e-01
1.000007539987564087e-01
1.000005006790161133e-01
1.000005304813385010e-01
1.000005602836608887e-01
1.000005677342414856e-01
1.000005602836608887e-01
1.000005900859832764e-01
1.000005677342414856e-01
1.000005304813385010e-01
1.000005677342414856e-01
1.000006049871444702e-01
1.000005751848220825e-01
1.000005304813385010e-01
1.000005528330802917e-01
1.000005900859832764e-01
1.000005751848220825e-01
1.000005826354026794e-01
1.000005453824996948e-01
1.005734354257583618e-01
1.017989963293075562e-01
1.042504534125328064e-01
1.069739758968353271e-01
1.081914007663726807e-01
1.073597818613052368e-01
1.054994538426399231e-01
1.036530211567878723e-01
1.018686890602111816e-01
1.002406179904937744e-01
9.951012581586837769e-02
9.975832700729370117e-02
1.001760140061378479e-01
1.002082973718643188e-01
9.999961405992507935e-02
9.752378612756729126e-02
9.267189353704452515e-02
8.283713459968566895e-02
7.158387452363967896e-02
6.611970067024230957e-02
6.914450973272323608e-02
7.678671181201934814e-02
8.454965054988861084e-02
9.206623584032058716e-02
9.895625710487365723e-02
1.020946875214576721e-01
1.010683551430702209e-01
9.927031397819519043e-02
9.910962730646133423e-02
1.000043302774429321e-01
9.322538226842880249e-02
8.797108381986618042e-02
7.683940976858139038e-02
6.027047336101531982e-02
5.004373937845230103e-02
5.929198116064071655e-02
7.766168564558029175e-02
8.414765447378158569e-02
8.541671186685562134e-02
9.572721272706985474e-02
1.061102896928787231e-01
1.058730706572532654e-01
1.001255735754966736e-01
9.798232465982437134e-02
1.000059917569160461e-01
1.452752500772476196e-01
3.354693949222564697e-01
7.157517671585083008e-01
1.102673888206481934e+00
1.257671475410461426e+00
1.198629736900329590e+00
1.014653801918029785e+00
6.975200772285461426e-01
3.363422155380249023e-01
1.071071922779083252e-01
6.544379889965057373e-02
1.127266585826873779e-01
1.371723711490631104e-01
1.212053224444389343e-01
9.987703710794448853e-02
1.402877271175384521e-01
5.789353847503662109e-01
1.514786720275878906e+00
2.471033096313476562e+00
2.766404628753662109e+00
2.411457300186157227e+00
1.836498260498046875e+00
1.246247649192810059e+00
6.759757399559020996e-01
2.377795279026031494e-01
6.183379143476486206e-02
8.585080504417419434e-02
1.314024925231933594e-01
1.253283768892288208e-01
9.998875856399536133e-02
3.884109109640121460e-02
8.439738154411315918e-01
2.642429590225219727e+00
4.448078155517578125e+00
4.757627010345458984e+00
3.538053989410400391e+00
2.143927097320556641e+00
1.519299983978271484e+00
1.257588028907775879e+00
7.567079067230224609e-01
2.378872334957122803e-01
3.010705113410949707e-02
4.571019113063812256e-02
9.073709696531295776e-02
1.003687009215354919e-01
9.323353171348571777e-01
1.898484468460083008e+00
2.882413864135742188e+00
3.489074707031250000e+00
3.441529750823974609e+00
2.672268390655517578e+00
1.849907994270324707e+00
1.748922705650329590e+00
1.920611500740051270e+00
1.650241732597351074e+00
1.183580398559570312e+00
8.712186217308044434e-01
6.131171584129333496e-01
3.200521469116210938e-01
9.499289095401763916e-02
1.736201405525207520e+00
2.806579113006591797e+00
2.972953796386718750e+00
2.458745956420898438e+00
2.197427511215209961e+00
2.037129878997802734e+00
1.832159280776977539e+00
2.110171794891357422e+00
2.540980100631713867e+00
2.460943698883056641e+00
2.076651573181152344e+00
1.667904615402221680e+00
1.135288119316101074e+00
5.232416987419128418e-01
8.990424871444702148e-02
6.609355211257934570e-01
1.196593403816223145e+00
1.606322050094604492e+00
1.981332182884216309e+00
2.479114294052124023e+00
2.677148818969726562e+00
2.339900970458984375e+00
1.918844103813171387e+00
1.712996602058410645e+00
1.565432906150817871e+00
1.291672825813293457e+00
8.941811919212341309e-01
4.967517554759979248e-01
2.196470797061920166e-01
9.495772421360015869e-02
2.357431352138519287e-01
5.597588419914245605e-01
1.637487530708312988e+00
3.263476133346557617e+00
4.326261997222900391e+00
3.911841630935668945e+00
2.450138330459594727e+00
1.235900640487670898e+00
8.305957317352294922e-01
8.191006779670715332e-01
7.123528718948364258e-01
4.506717026233673096e-01
2.194163799285888672e-01
1.151487752795219421e-01
9.807448834180831909e-02
9.751493483781814575e-02
3.303872346878051758e-01
2.154962062835693359e+00
5.054329872131347656e+00
6.580939769744873047e+00
5.271467208862304688e+00
2.422300577163696289e+00
4.398234784603118896e-01
7.480777800083160400e-03
1.986921280622482300e-01
2.674502432346343994e-01
1.713883280754089355e-01
9.859864413738250732e-02
9.164322167634963989e-02
1.001835763454437256e-01
1.900427043437957764e-01
1.782140135765075684e-01
5.231316685676574707e-01
1.163489222526550293e+00
1.521849393844604492e+00
1.227833151817321777e+00
5.838842988014221191e-01
1.596981287002563477e-01
8.893391489982604980e-02
1.322190165519714355e-01
1.342494487762451172e-01
1.080019474029541016e-01
9.609050303697586060e-02
9.827117621898651123e-02
1.000801324844360352e-01
1.840105950832366943e-01
1.209119856357574463e-01
-1.417148113250732422e-02
-1.481845378875732422e-01
-1.950986981391906738e-01
-1.315113902091979980e-01
-9.710438549518585205e-03
9.182007610797882080e-02
1.301240772008895874e-01
1.195152774453163147e-01
1.013183593750000000e-01
9.659282863140106201e-02
9.942789375782012939e-02
1.008797362446784973e-01
9.998242557048797607e-02
1.000003889203071594e-01
9.999573230743408203e-02
1.000110059976577759e-01
1.000198200345039368e-01
1.000154986977577209e-01
1.000655293464660645e-01
1.001393944025039673e-01
1.001142933964729309e-01
1.000250428915023804e-01
9.998598694801330566e-02
9.999383985996246338e-02
1.000010445713996887e-01
1.000008434057235718e-01
1.000003740191459656e-01
1.000005677342414856e-01
1.000005006790161133e-01
1.000005900859832764e-01
1.000005379319190979e-01
1.000004932284355164e-01
1.000005602836608887e-01
1.000005751848220825e-01
1.000005006790161133e-01
1.000005081295967102e-01
1.000005677342414856e-01
1.000005528330802917e-01
1.000005081295967102e-01
1.000005155801773071e-01
1.000005528330802917e-01
1.000005751848220825e-01
1.000005006790161133e-01
9.398185461759567261e-02
9.426221251487731934e-02
9.769187867641448975e-02
1.030883714556694031e-01
1.069355979561805725e-01
1.054145097732543945e-01
9.981586784124374390e-02
9.602450579404830933e-02
9.670668840408325195e-02
9.923167526721954346e-02
1.004159972071647644e-01
1.001413166522979736e-01
9.987273067235946655e-02
9.995431452989578247e-02
1.000224202871322632e-01
1.266045570373535156e-01
1.178098097443580627e-01
9.130795300006866455e-02
6.186155602335929871e-02
5.153579637408256531e-02
6.969726085662841797e-02
1.003612056374549866e-01
1.173466667532920837e-01
1.139194890856742859e-01
1.035336554050445557e-01
9.861554950475692749e-02
9.938394278287887573e-02
1.004847437143325806e-01
1.002824082970619202e-01
9.990787506103515625e-02
2.174377441406250000e-01
1.539013683795928955e-01
8.290849626064300537e-02
5.199389904737472534e-02
4.409071058034896851e-02
6.131510436534881592e-02
1.128557771444320679e-01
1.632060110569000244e-01
1.673379987478256226e-01
1.320116519927978516e-01
1.043049320578575134e-01
1.010342836380004883e-01
1.036448851227760315e-01
1.021586880087852478e-01
9.987113624811172485e-02
1.131084784865379333e-01
-2.448631823062896729e-01
1.528465300798416138e-01
1.208229422569274902e+00
1.701111674308776855e+00
1.117711424827575684e+00
2.467411458492279053e-01
-2.586995810270309448e-02
1.758995354175567627e-01
2.890559434890747070e-01
2.191959023475646973e-01
1.406395137310028076e-01
1.159824356436729431e-01
1.110724732279777527e-01
1.030189990997314453e-01
2.020832896232604980e-02
-4.379556477069854736e-01
3.661667108535766602e-01
2.205414533615112305e+00
3.150679111480712891e+00
2.412287235260009766e+00
1.112506747245788574e+00
4.888968467712402344e-01
4.542313218116760254e-01
3.772689104080200195e-01
1.996557116508483887e-01
1.096858382225036621e-01
1.057863682508468628e-01
1.097934544086456299e-01
1.002081483602523804e-01
3.351954370737075806e-02
5.200449749827384949e-02
9.592935442924499512e-01
2.502731800079345703e+00
3.650906801223754883e+00
4.077617645263671875e+00
3.871053934097290039e+00
2.916759490966796875e+00
1.483862638473510742e+00
3.125857710838317871e-01
-1.198099777102470398e-01
-3.001443296670913696e-02
1.044686511158943176e-01
1.187983080744743347e-01
9.077823162078857422e-02
7.733210921287536621e-01
7.059431672096252441e-01
1.006818532943725586e+00
1.850885987281799316e+00
2.714218139648437500e+00
3.141945123672485352e+00
3.066057205200195312e+00
2.566927909851074219e+00
1.800178527832031250e+00
1.157736659049987793e+00
1.015797972679138184e+00
1.154942989349365234e+00
1.057590603828430176e+00
6.412497758865356445e-01
2.241331189870834351e-01
1.383375048637390137e+00
1.156488656997680664e+00
9.805067777633666992e-01
1.369139432907104492e+00
2.018728017807006836e+00
2.315898418426513672e+00
2.243166923522949219e+00
2.202276468276977539e+00
2.180583000183105469e+00
2.100939512252807617e+00
2.195411682128906250e+00
2.308170080184936523e+00
1.955691695213317871e+00
1.131496429443359375e+00
3.511349856853485107e-01
3.474925458431243896e-01
3.294265568256378174e-01
7.108644247055053711e-01
1.408053874969482422e+00
1.993757009506225586e+00
2.519009590148925781e+00
2.986054658889770508e+00
2.968893051147460938e+00
2.420290231704711914e+00
1.809278249740600586e+00
1.475542902946472168e+00
1.321340680122375488e+00
1.065675854682922363e+00
6.334694623947143555e-01
2.294630706310272217e-01
1.522493362426757812e-01
7.859014868736267090e-01
1.866011500358581543e+00
2.582747459411621094e+00
2.403469562530517578e+00
2.140932559967041016e+00
2.403122425079345703e+00
2.528691053390502930e+00
1.994461297988891602e+00
1.197033524513244629e+00
7.319588661193847656e-01
6.397174596786499023e-01
5.735824108123779297e-01
3.698778152465820312e-01
1.508892476558685303e-01
2.819107472896575928e-01
1.672371029853820801e+00
3.444591045379638672e+00
4.071632385253906250e+00
2.927741050720214844e+00
1.572222590446472168e+00
1.388199210166931152e+00
1.701593160629272461e+00
1.383460760116577148e+00
5.413959622383117676e-01
6.229964643716812134e-02
1.424078941345214844e-01
2.775802910327911377e-01
2.181062400341033936e-01
9.571234881877899170e-02
1.782088279724121094e-01
4.534694850444793701e-01
8.253632783889770508e-01
9.663974046707153320e-01
7.112071514129638672e-01
4.102022945880889893e-01
3.807249069213867188e-01
4.542003571987152100e-01
3.732570111751556396e-01
1.832429468631744385e-01
9.262393414974212646e-02
1.230938434600830078e-01
1.459441184997558594e-01
1.235026717185974121e-01
9.802169352769851685e-02
1.242748051881790161e-01
2.825190126895904541e-02
-6.931313127279281616e-02
-8.784865587949752808e-02
-2.669691294431686401e-02
4.548793286085128784e-02
7.170836627483367920e-02
6.003471463918685913e-02
5.777360498905181885e-02
8.601291477680206299e-02
1.172060966491699219e-01
1.217297166585922241e-01
1.060358807444572449e-01
9.671206027269363403e-02
1.004521325230598450e-01
1.000016331672668457e-01
1.001610159873962402e-01
9.977884590625762939e-02
9.957246482372283936e-02
9.983464330434799194e-02
9.882402420043945312e-02
9.706643223762512207e-02
9.751405566930770874e-02
9.949178993701934814e-02
1.003578677773475647e-01
1.001634001731872559e-01
9.999255090951919556e-02
9.999345242977142334e-02
1.000035554170608521e-01
1.000006347894668579e-01
1.000005453824996948e-01
1.000006198883056641e-01
1.000005453824996948e-01
1.000004932284355164e-01
1.000005677342414856e-01
1.000006124377250671e-01
1.000005528330802917e-01
1.000005304813385010e-01
1.000005677342414856e-01
1.000005826354026794e-01
1.000005528330802917e-01
1.000005379319190979e-01
1.000005677342414856e-01
1.000005975365638733e-01
1.000005379319190979e-01
9.280031919479370117e-02
9.853877127170562744e-02
1.113670617341995239e-01
1.233099550008773804e-01
1.248194873332977295e-01
1.153727769851684570e-01
1.031706184148788452e-01
9.628264605998992920e-02
9.606485813856124878e-02
9.865133464336395264e-02
1.003163456916809082e-01
1.003115251660346985e-01
9.983603656291961670e-02
9.978535771369934082e-02
1.000387594103813171e-01
1.304108798503875732e-01
1.283683329820632935e-01
1.108355894684791565e-01
8.157366514205932617e-02
5.627353489398956299e-02
5.849348753690719604e-02
8.838045597076416016e-02
1.157910227775573730e-01
1.188622340559959412e-01
1.060240641236305237e-01
9.772372990846633911e-02
9.879917651414871216e-02
1.009949818253517151e-01
1.007181182503700256e-01
9.983877837657928467e-02
2.523481845855712891e-01
1.714543104171752930e-01
8.325651288032531738e-02
4.838661104440689087e-02
3.621207922697067261e-02
4.203605651855468750e-02
9.538628160953521729e-02
1.727163940668106079e-01
1.973621845245361328e-01
1.515419036149978638e-01
1.055062264204025269e-01
9.814368188381195068e-02
1.046234369277954102e-01
1.042108908295631409e-01
9.977474808692932129e-02
3.096110820770263672e-01
-2.701191008090972900e-01
-1.083489507436752319e-02
1.274771571159362793e+00
2.205274581909179688e+00
1.776884198188781738e+00
6.716284751892089844e-01
1.586859524250030518e-01
2.960661649703979492e-01
3.894468843936920166e-01
2.662217915058135986e-01
1.400162279605865479e-01
1.058003902435302734e-01
1.096274480223655701e-01
1.051915362477302551e-01
4.279014170169830322e-01
-3.537112176418304443e-01
9.695176035165786743e-02
2.077497959136962891e+00
3.647329092025756836e+00
3.314503431320190430e+00
1.847352623939514160e+00
9.090139865875244141e-01
7.460746169090270996e-01
6.288284659385681152e-01
3.604844510555267334e-01
1.612882614135742188e-01
1.060872748494148254e-01
1.055782735347747803e-01
9.761101752519607544e-02
7.319835424423217773e-01
6.308472156524658203e-01
7.519634962081909180e-01
1.448212385177612305e+00
2.630261659622192383e+00
3.900898933410644531e+00
4.461602210998535156e+00
3.685621738433837891e+00
2.122333765029907227e+00
8.643405437469482422e-01
3.189081847667694092e-01
2.140359580516815186e-01
1.938151121139526367e-01
1.341741979122161865e-01
7.636973261833190918e-02
1.164041996002197266e+00
8.559087514877319336e-01
5.941237211227416992e-01
8.814677596092224121e-01
1.710943460464477539e+00
2.820939064025878906e+00
3.513286828994750977e+00
3.114974260330200195e+00
2.072525739669799805e+00
1.374752759933471680e+00
1.308732151985168457e+00
1.472008109092712402e+00
1.384044170379638672e+00
9.178077578544616699e-01
3.744649887084960938e-01
1.469328522682189941e+00
8.821086287498474121e-01
4.151620268821716309e-01
6.247753500938415527e-01
1.220986247062683105e+00
1.990319609642028809e+00
2.599243164062500000e+00
2.555531740188598633e+00
2.135474920272827148e+00
2.028800010681152344e+00
2.355736970901489258e+00
2.697412490844726562e+00
2.535234928131103516e+00
1.697578191757202148e+00
6.853471994400024414e-01
4.822020530700683594e-01
4.907655417919158936e-01
7.419261932373046875e-01
1.012514114379882812e+00
1.167361140251159668e+00
1.930957078933715820e+00
3.138652563095092773e+00
3.457795381546020508e+00
2.799474954605102539e+00
2.119750738143920898e+00
1.781114697456359863e+00
1.687682628631591797e+00
1.594647526741027832e+00
1.171007633209228516e+00
5.424365401268005371e-01
2.707818150520324707e-01
1.265923142433166504e+00
2.198453903198242188e+00
1.980043649673461914e+00
8.874341845512390137e-01
8.628705739974975586e-01
2.322129011154174805e+00
3.289187669754028320e+00
2.756012439727783203e+00
1.621810317039489746e+00
9.158621430397033691e-01
8.187662363052368164e-01
8.832879662513732910e-01
6.911727786064147949e-01
3.222754299640655518e-01
3.490938544273376465e-01
2.398650407791137695e+00
3.957533836364746094e+00
3.090690612792968750e+00
5.381205081939697266e-01
-5.054180026054382324e-01
1.076999902725219727e+00
2.764453411102294922e+00
2.484850883483886719e+00
9.744004011154174805e-01
3.757339715957641602e-02
9.325764328241348267e-02
3.325215578079223633e-01
2.809353768825531006e-01
9.820955991744995117e-02
1.489806473255157471e-01
5.967625975608825684e-01
9.598098993301391602e-01
7.816178202629089355e-01
1.941578090190887451e-01
-5.135425180196762085e-02
3.219439983367919922e-01
7.090464234352111816e-01
6.265776753425598145e-01
2.764325141906738281e-01
8.751472085714340210e-02
1.197536066174507141e-01
1.619218289852142334e-01
1.344721019268035889e-01
9.523346275091171265e-02
8.359147608280181885e-02
-1.884564757347106934e-02
-7.310389727354049683e-02
-1.464200764894485474e-02
9.207934141159057617e-02
1.413764059543609619e-01
1.018667742609977722e-01
3.546545654535293579e-02
2.010183781385421753e-02
6.809309124946594238e-02
1.231554225087165833e-01
1.353715509176254272e-01
1.131923347711563110e-01
9.763836860656738281e-02
1.011701375246047974e-01
1.000042632222175598e-01
1.004493758082389832e-01
9.951873123645782471e-02
1.008029580116271973e-01
1.072243526577949524e-01
1.124884188175201416e-01
1.109238564968109131e-01
1.059640645980834961e-01
1.023339182138442993e-01
1.007559075951576233e-01
1.001910939812660217e-01
9.999295324087142944e-02
9.998352080583572388e-02
1.000137403607368469e-01
1.000007539987564087e-01
1.000006943941116333e-01
1.000004932284355164e-01
1.000004857778549194e-01
1.000005826354026794e-01
1.000004261732101440e-01
1.000004336237907410e-01
1.000007465481758118e-01
1.000007092952728271e-01
1.000004336237907410e-01
1.000004634261131287e-01
1.000006720423698425e-01
1.000006571412086487e-01
1.000004857778549194e-01
1.000005006790161133e-01
1.000006124377250671e-01
1.064364984631538391e-01
1.412836313247680664e-01
1.937489807605743408e-01
2.254016399383544922e-01
2.068064510822296143e-01
1.629943102598190308e-01
1.325059384107589722e-01
1.190231218934059143e-01
1.091765463352203369e-01
1.001727357506752014e-01
9.762461483478546143e-02
9.981272369623184204e-02
1.005474776029586792e-01
9.991309791803359985e-02
1.000311747193336487e-01
6.886156648397445679e-02
1.062862947583198547e-01
1.737233996391296387e-01
2.004559487104415894e-01
1.319209337234497070e-01
2.427791804075241089e-02
-2.301175147294998169e-02
1.292339712381362915e-02
7.228760421276092529e-02
1.015640497207641602e-01
1.044851541519165039e-01
1.015184149146080017e-01
9.937068074941635132e-02
9.895007312297821045e-02
9.987012296915054321e-02
5.278312042355537415e-02
5.945482850074768066e-02
6.462773680686950684e-02
5.811180919408798218e-02
3.308551758527755737e-02
-2.527879923582077026e-02
-6.920843571424484253e-02
-2.442101389169692993e-02
6.838618963956832886e-02
1.175680905580520630e-01
1.148018538951873779e-01
1.014586165547370911e-01
9.813485294580459595e-02
9.973035752773284912e-02
9.981933981180191040e-02
1.095016360282897949e+00
1.239769339561462402e+00
9.496082067489624023e-01
1.204515337944030762e+00
2.791804313659667969e+00
4.437723636627197266e+00
4.462184906005859375e+00
2.968713998794555664e+00
1.258638024330139160e+00
2.697196006774902344e-01
4.215843975543975830e-03
5.568359047174453735e-02
1.288164108991622925e-01
1.339993476867675781e-01
1.039085686206817627e-01
2.241938591003417969e+00
2.750252723693847656e+00
2.213455677032470703e+00
2.178056716918945312e+00
4.215821266174316406e+00
6.546482563018798828e+00
6.639988422393798828e+00
4.703387737274169922e+00
2.530938386917114258e+00
1.190969109535217285e+00
5.613562464714050293e-01
2.775246500968933105e-01
1.785256862640380859e-01
1.357603818178176880e-01
8.851518481969833374e-02
3.419950723648071289e+00
4.870297431945800781e+00
4.256576538085937500e+00
2.331648111343383789e+00
1.320187211036682129e+00
1.300195097923278809e+00
1.553330540657043457e+00
2.449739694595336914e+00
3.741345643997192383e+00
4.103497505187988281e+00
2.929803371429443359e+00
1.267786741256713867e+00
3.436994552612304688e-01
1.102841049432754517e-01
5.714995414018630981e-02
2.732758045196533203e+00
4.333637714385986328e+00
3.803250074386596680e+00
1.316454648971557617e+00
-4.759210050106048584e-01
-1.634629070758819580e-01
1.229781508445739746e+00
2.332423686981201172e+00
3.029100656509399414e+00
3.316187858581542969e+00
2.710351467132568359e+00
1.740433335304260254e+00
1.270596027374267578e+00
1.000598907470703125e+00
5.552136301994323730e-01
2.102902889251708984e+00
3.871137857437133789e+00
3.373773336410522461e+00
4.227269589900970459e-01
-1.705598592758178711e+00
-5.845927596092224121e-01
1.948650717735290527e+00
2.753826141357421875e+00
2.332837343215942383e+00
2.352974891662597656e+00
2.344712734222412109e+00
2.157495975494384766e+00
2.252316951751708984e+00
2.009037971496582031e+00
1.153572797775268555e+00
1.804229140281677246e+00
3.562877416610717773e+00
3.125159978866577148e+00
3.938998281955718994e-01
-1.502507805824279785e+00
-6.913288831710815430e-01
1.087399363517761230e+00
1.627727270126342773e+00
1.739740014076232910e+00
2.346137762069702148e+00
2.308727025985717773e+00
1.797239542007446289e+00
1.897825837135314941e+00
1.944142460823059082e+00
1.293419003486633301e+00
9.939696192741394043e-01
2.481932640075683594e+00
2.622759819030761719e+00
1.177824616432189941e+00
1.514447331428527832e-01
6.875532865524291992e-01
1.732981204986572266e+00
2.038841247558593750e+00
2.000838994979858398e+00
2.027904033660888672e+00
1.549258947372436523e+00
9.539461731910705566e-01
1.005208253860473633e+00
1.132803082466125488e+00
7.952440381050109863e-01
4.431290179491043091e-02
1.201731085777282715e+00
2.072806358337402344e+00
2.187993049621582031e+00
2.177438020706176758e+00
2.480673313140869141e+00
2.881115436553955078e+00
2.983089685440063477e+00
2.545650482177734375e+00
1.613783001899719238e+00
5.850550532341003418e-01
1.108998060226440430e-02
1.345087587833404541e-02
1.460104733705520630e-01
1.257391422986984253e-01
6.891217827796936035e-02
3.353245854377746582e-01
5.850098133087158203e-01
6.602432131767272949e-01
6.223726272583007812e-01
6.094923615455627441e-01
6.896132230758666992e-01
7.919085025787353516e-01
7.417203783988952637e-01
4.862606227397918701e-01
2.010779082775115967e-01
6.637118011713027954e-02
7.517758756875991821e-02
1.019724830985069275e-01
9.215153753757476807e-02
1.065611392259597778e-01
8.181023597717285156e-02
8.449923992156982422e-02
9.302623569965362549e-02
4.963891208171844482e-02
-1.602929085493087769e-02
-2.225507050752639771e-02
3.997154533863067627e-02
9.505564719438552856e-02
1.011449769139289856e-01
9.853090345859527588e-02
1.118878424167633057e-01
1.202923357486724854e-01
1.131976172327995300e-01
1.020497530698776245e-01
1.000098958611488342e-01
1.008622273802757263e-01
9.964832663536071777e-02
1.091008782386779785e-01
1.404669284820556641e-01
1.740716695785522461e-01
1.781958043575286865e-01
1.493906527757644653e-01
1.162076070904731750e-01
1.013615503907203674e-01
9.968858957290649414e-02
1.000307202339172363e-01
9.999395906925201416e-02
1.000212281942367554e-01
1.000008285045623779e-01
1.000005453824996948e-01
1.000003516674041748e-01
1.000004708766937256e-01
1.000006794929504395e-01
1.000004634261131287e-01
1.000003144145011902e-01
1.000006124377250671e-01
1.000007465481758118e-01
1.000005155801773071e-01
1.000004038214683533e-01
1.000005826354026794e-01
1.000006496906280518e-01
1.000004783272743225e-01
1.000004410743713379e-01
1.000005677342414856e-01
9.243649244308471680e-02
2.067237198352813721e-01
3.579936027526855469e-01
4.310173690319061279e-01
3.632495403289794922e-01
2.294085025787353516e-01
1.390703618526458740e-01
1.156831830739974976e-01
1.165414750576019287e-01
1.101050823926925659e-01
1.016876101493835449e-01
9.964217990636825562e-02
1.001809984445571899e-01
1.001590490341186523e-01
1.000062748789787292e-01
1.809698641300201416e-01
2.636609971523284912e-01
3.832691311836242676e-01
4.467682540416717529e-01
3.496695458889007568e-01
1.429772377014160156e-01
-9.308770298957824707e-03
-1.798194646835327148e-02
5.013094469904899597e-02
9.560253471136093140e-02
1.039487794041633606e-01
1.012240052223205566e-01
9.923557192087173462e-02
9.912406653165817261e-02
9.997564554214477539e-02
4.590605497360229492e-01
2.499589920043945312e-01
5.036535486578941345e-02
6.659734249114990234e-02
1.626289635896682739e-01
1.087922304868698120e-01
-4.519168287515640259e-02
-7.214880734682083130e-02
2.858907729387283325e-02
1.010533124208450317e-01
1.096103191375732422e-01
1.014842092990875244e-01
9.909849613904953003e-02
9.983050078153610229e-02
9.996572881937026978e-02
6.594009399414062500e-01
8.505380153656005859e-02
-2.217182219028472900e-01
6.588283777236938477e-01
2.565271377563476562e+00
4.195994377136230469e+00
4.478403091430664062e+00
3.492744445800781250e+00
1.995310187339782715e+00
7.462050318717956543e-01
1.406507939100265503e-01
5.770158767700195312e-02
1.279673725366592407e-01
1.392403393983840942e-01
1.009039953351020813e-01
1.551711797714233398e+00
1.226001977920532227e+00
8.085424900054931641e-01
1.521334528923034668e+00
3.689248800277709961e+00
5.898313045501708984e+00
6.497918128967285156e+00
5.284050464630126953e+00
3.297275781631469727e+00
1.606798291206359863e+00
6.017047762870788574e-01
2.012013494968414307e-01
1.456446796655654907e-01
1.478006392717361450e-01
1.038108542561531067e-01
4.162873744964599609e+00
5.765769958496093750e+00
5.192193984985351562e+00
2.751780986785888672e+00
6.870735287666320801e-01
2.443354725837707520e-01
8.228592276573181152e-01
1.570199370384216309e+00
2.402251720428466797e+00
2.902359962463378906e+00
2.211461544036865234e+00
8.866084218025207520e-01
1.842335462570190430e-01
1.201247349381446838e-01
1.410425305366516113e-01
2.745968818664550781e+00
4.307211399078369141e+00
3.839242219924926758e+00
1.467988610267639160e+00
-4.391195476055145264e-01
-6.262971162796020508e-01
2.268578112125396729e-01
1.225385904312133789e+00
2.157018661499023438e+00
2.636178731918334961e+00
2.113893985748291016e+00
1.244027018547058105e+00
9.373738765716552734e-01
8.470116853713989258e-01
5.282234549522399902e-01
1.270202159881591797e+00
2.698764085769653320e+00
2.289018630981445312e+00
1.401143670082092285e-01
-1.178671360015869141e+00
-5.873117446899414062e-01
7.668062448501586914e-01
1.738261818885803223e+00
2.258536815643310547e+00
2.385868549346923828e+00
1.987069964408874512e+00
1.669228434562683105e+00
1.833890318870544434e+00
1.703728556632995605e+00
9.806907176971435547e-01
1.873185753822326660e+00
3.785708665847778320e+00
3.299445152282714844e+00
2.751449048519134521e-01
-1.970329880714416504e+00
-1.422671318054199219e+00
4.098229706287384033e-01
1.363851428031921387e+00
1.683363556861877441e+00
2.124511003494262695e+00
2.152616500854492188e+00
1.919521689414978027e+00
1.989751338958740234e+00
1.793327927589416504e+00
1.044032096862792969e+00
1.414476156234741211e+00
2.968675851821899414e+00
2.656217098236083984e+00
5.838644504547119141e-01
-6.110383868217468262e-01
7.598344236612319946e-02
1.218120932579040527e+00
1.635030627250671387e+00
1.788758277893066406e+00
2.023700237274169922e+00
1.743176698684692383e+00
1.215352058410644531e+00
1.124346256256103516e+00
1.070916056632995605e+00
6.761345863342285156e-01
5.826438665390014648e-01
1.529119133949279785e+00
1.481144785881042480e+00
9.292939901351928711e-01
1.396534442901611328e+00
2.282216548919677734e+00
2.389159679412841797e+00
2.141459226608276367e+00
2.156273841857910156e+00
2.004575490951538086e+00
1.168786287307739258e+00
2.396146357059478760e-01
-1.208298653364181519e-02
1.406441628932952881e-01
1.957992315292358398e-01
1.842070817947387695e-01
4.965496361255645752e-01
5.925681591033935547e-01
4.861150681972503662e-01
4.923411607742309570e-01
5.579062104225158691e-01
5.536237359046936035e-01
6.114000082015991211e-01
7.135045528411865234e-01
6.400743126869201660e-01
3.568851351737976074e-01
1.063759103417396545e-01
5.944594368338584900e-02
1.026779040694236755e-01
1.091909185051918030e-01
8.126920461654663086e-02
1.524689346551895142e-01
2.458862364292144775e-01
2.578192651271820068e-01
1.404574811458587646e-01
8.173502981662750244e-03
2.619639039039611816e-03
1.061801984906196594e-01
1.730397939682006836e-01
1.392862498760223389e-01
9.206869453191757202e-02
9.511427581310272217e-02
1.156654059886932373e-01
1.137467846274375916e-01
9.662955999374389648e-02
1.000052541494369507e-01
9.853877872228622437e-02
1.051852330565452576e-01
1.412088721990585327e-01
2.105811536312103271e-01
2.706447243690490723e-01
2.703739404678344727e-01
2.095487564802169800e-01
1.398172974586486816e-01
1.041015014052391052e-01
9.819435328245162964e-02
1.001859828829765320e-01
1.003359630703926086e-01
9.974654018878936768e-02
1.000006496906280518e-01
1.000004634261131287e-01
1.000003218650817871e-01
1.000005155801773071e-01
1.000007688999176025e-01
1.000005751848220825e-01
1.000003367662429810e-01
1.000005528330802917e-01
1.000007912516593933e-01
1.000006571412086487e-01
1.000004559755325317e-01
1.000005528330802917e-01
1.000006794929504395e-01
1.000005453824996948e-01
1.000004857778549194e-01
1.000005751848220825e-01
7.814264297485351562e-02
2.500182092189788818e-01
4.727881252765655518e-01
5.758343935012817383e-01
4.735941290855407715e-01
2.750746905803680420e-01
1.403576284646987915e-01
1.095475554466247559e-01
1.200636327266693115e-01
1.177339702844619751e-01
1.055443361401557922e-01
9.972013533115386963e-02
9.982129186391830444e-02
1.003573462367057800e-01
9.999005496501922607e-02
2.853554189205169678e-01
3.985094130039215088e-01
5.444815754890441895e-01
6.245531439781188965e-01
5.075420141220092773e-01
2.379274368286132812e-01
1.599006354808807373e-02
-2.687674015760421753e-02
4.072862863540649414e-02
9.224148094654083252e-02
1.022424697875976562e-01
9.992647171020507812e-02
9.906400740146636963e-02
9.955537319183349609e-02
1.000448167324066162e-01
8.339714407920837402e-01
4.420985579490661621e-01
6.729091703891754150e-02
9.643190354108810425e-02
2.808109819889068604e-01
2.277857363224029541e-01
-3.568470478057861328e-03
-7.976304739713668823e-02
1.988875120878219604e-02
9.557503461837768555e-02
1.041143462061882019e-01
1.000598445534706116e-01
1.004787161946296692e-01
1.007236391305923462e-01
1.000615581870079041e-01
1.570559442043304443e-01
-1.144398450851440430e+00
-1.319326758384704590e+00
3.748192191123962402e-01
2.542316436767578125e+00
3.812740325927734375e+00
4.012157917022705078e+00
3.485719919204711914e+00
2.413671731948852539e+00
1.141782522201538086e+00
3.079890012741088867e-01
9.246423095464706421e-02
1.333327591419219971e-01
1.411645114421844482e-01
9.902232885360717773e-02
6.609774827957153320e-01
-5.853673815727233887e-01
-6.609529256820678711e-01
1.205172300338745117e+00
3.598885059356689453e+00
5.287524223327636719e+00
5.883692741394042969e+00
5.239930152893066406e+00
3.633602857589721680e+00
1.836676001548767090e+00
5.995073914527893066e-01
1.303517222404479980e-01
1.143736243247985840e-01
1.530815958976745605e-01
1.168361231684684753e-01
4.332900047302246094e+00
5.837465286254882812e+00
5.465363979339599609e+00
3.146535634994506836e+00
7.503441572189331055e-01
2.535769343376159668e-01
1.095400929450988770e+00
1.365561246871948242e+00
1.235166311264038086e+00
1.408024787902832031e+00
1.111042261123657227e+00
3.339862525463104248e-01
9.545214474201202393e-03
1.310916990041732788e-01
2.092760652303695679e-01
2.447004079818725586e+00
3.705386638641357422e+00
3.419272899627685547e+00
1.727141976356506348e+00
2.797054946422576904e-01
-1.731845140457153320e-01
5.701019614934921265e-02
7.016778588294982910e-01
1.501402139663696289e+00
1.861842870712280273e+00
1.438079118728637695e+00
8.827079534530639648e-01
8.133928179740905762e-01
8.095619082450866699e-01
5.194944739341735840e-01
3.813101053237915039e-01
1.209200739860534668e+00
1.011415481567382812e+00
1.972452700138092041e-01
8.796436339616775513e-02
1.488051861524581909e-01
1.232179477810859680e-01
1.078954577445983887e+00
2.391543388366699219e+00
2.561148643493652344e+00
1.907507658004760742e+00
1.633955836296081543e+00
1.826948285102844238e+00
1.607569932937622070e+00
8.515831828117370605e-01
1.695830225944519043e+00
3.587661743164062500e+00
3.267427921295166016e+00
5.408766269683837891e-01
-1.550723910331726074e+00
-1.137400388717651367e+00
5.974381566047668457e-01
1.730102896690368652e+00
2.041065454483032227e+00
2.179270267486572266e+00
2.247062444686889648e+00
2.284834861755371094e+00
2.235167980194091797e+00
1.679516077041625977e+00
7.729987502098083496e-01
1.640730977058410645e+00
3.292802333831787109e+00
2.821835279464721680e+00
4.580383002758026123e-01
-8.491908311843872070e-01
-1.142565831542015076e-01
1.087489485740661621e+00
1.584200501441955566e+00
1.835594058036804199e+00
2.198200941085815430e+00
2.101731777191162109e+00
1.627644062042236328e+00
1.322637915611267090e+00
1.009736299514770508e+00
5.284839272499084473e-01
1.065251111984252930e+00
2.064762115478515625e+00
1.463339686393737793e+00
2.332005798816680908e-01
6.230363845825195312e-01
1.644826412200927734e+00
1.555451393127441406e+00
1.211421132087707520e+00
1.767005443572998047e+00
2.416159868240356445e+00
1.829623579978942871e+00
5.830384492874145508e-01
4.093504697084426880e-02
1.517439484596252441e-01
2.524465918540954590e-01
2.893765568733215332e-01
6.911942362785339355e-01
6.986368894577026367e-01
3.977434337139129639e-01
3.308242559432983398e-01
4.160021245479583740e-01
4.052906930446624756e-01
4.992122352123260498e-01
7.581335306167602539e-01
8.435533642768859863e-01
5.495736598968505859e-01
1.747106015682220459e-01
5.949684977531433105e-02
1.091653332114219666e-01
1.289053559303283691e-01
5.679950863122940063e-02
1.960428655147552490e-01
3.508291542530059814e-01
3.628924489021301270e-01
2.059907615184783936e-01
6.277310848236083984e-02
1.017585322260856628e-01
2.569987177848815918e-01
3.194327354431152344e-01
2.203255593776702881e-01
1.026444807648658752e-01
7.755439728498458862e-02
1.067197918891906738e-01
1.152446568012237549e-01
9.638620167970657349e-02
1.000002026557922363e-01
9.654385596513748169e-02
1.096801608800888062e-01
1.655303835868835449e-01
2.602573633193969727e-01
3.355890512466430664e-01
3.305744528770446777e-01
2.489797472953796387e-01
1.559729427099227905e-01
1.061753928661346436e-01
9.707970917224884033e-02
1.003045439720153809e-01
1.006127521395683289e-01
9.952110052108764648e-02
1.000005230307579041e-01
1.000005975365638733e-01
1.000005975365638733e-01
1.000005304813385010e-01
1.000005155801773071e-01
1.000005379319190979e-01
1.000005900859832764e-01
1.000006198883056641e-01
1.000005528330802917e-01
1.000005155801773071e-01
1.000005900859832764e-01
1.000006124377250671e-01
1.000005453824996948e-01
1.000005230307579041e-01
1.000005751848220825e-01
1.000005677342414856e-01
9.543099999427795410e-02
1.179926544427871704e-01
1.518427133560180664e-01
1.728904992341995239e-01
1.645671725273132324e-01
1.395259499549865723e-01
1.190803050994873047e-01
1.088084951043128967e-01
1.041762605309486389e-01
1.017290800809860229e-01
1.007522642612457275e-01
1.006228029727935791e-01
1.004495918750762939e-01
1.001601442694664001e-01
1.000191718339920044e-01
1.337165236473083496e-01
1.613568067550659180e-01
1.909591257572174072e-01
1.895967274904251099e-01
1.346204429864883423e-01
6.262248754501342773e-02
3.114147484302520752e-02
5.171604454517364502e-02
8.702819049358367920e-02
1.028969287872314453e-01
1.009323894977569580e-01
9.713660925626754761e-02
9.775436669588088989e-02
9.955867379903793335e-02
9.992138296365737915e-02
2.486968934535980225e-01
2.374772131443023682e-01
2.264921069145202637e-01
2.264434397220611572e-01
1.806465387344360352e-01
8.257690072059631348e-02
1.067817956209182739e-02
2.579189836978912354e-02
8.421035110950469971e-02
1.127074062824249268e-01
1.057751476764678955e-01
9.570990502834320068e-02
9.654462337493896484e-02
1.000445187091827393e-01
9.989111125469207764e-02
2.604719996452331543e-01
4.466193169355392456e-02
2.453376948833465576e-01
1.220946311950683594e+00
2.500003337860107422e+00
3.124635457992553711e+00
2.651950120925903320e+00
1.562011003494262695e+00
6.281816959381103516e-01
2.135463058948516846e-01
1.638257503509521484e-01
1.906986981630325317e-01
1.680181324481964111e-01
1.244329288601875305e-01
1.024208813905715942e-01
5.730254054069519043e-01
4.601481258869171143e-01
7.680538892745971680e-01
2.078653812408447266e+00
3.941671848297119141e+00
4.924280166625976562e+00
4.265094757080078125e+00
2.694145441055297852e+00
1.294713497161865234e+00
5.291757583618164062e-01
2.657164335250854492e-01
2.043920755386352539e-01
1.649152040481567383e-01
1.204449385404586792e-01
9.453608095645904541e-02
1.634262561798095703e+00
2.490591526031494141e+00
2.586550712585449219e+00
2.307331562042236328e+00
2.481928110122680664e+00
2.693538665771484375e+00
2.525017738342285156e+00
2.407838582992553711e+00
2.187814950942993164e+00
1.428696870803833008e+00
5.239231586456298828e-01
5.648038536310195923e-02
3.166530281305313110e-02
9.976647049188613892e-02
8.919937908649444580e-02
8.396148681640625000e-01
1.773025274276733398e+00
2.120745420455932617e+00
1.890214323997497559e+00
1.786038875579833984e+00
1.745688915252685547e+00
1.703064084053039551e+00
2.003135442733764648e+00
2.190264225006103516e+00
1.739549279212951660e+00
1.180779337882995605e+00
1.071905016899108887e+00
1.160785317420959473e+00
9.569599628448486328e-01
5.021764039993286133e-01
6.192783266305923462e-02
1.107591629028320312e+00
1.736472964286804199e+00
1.673547267913818359e+00
1.593103408813476562e+00
1.608519196510314941e+00
1.655569911003112793e+00
1.962862730026245117e+00
2.239479780197143555e+00
2.144608736038208008e+00
2.051193475723266602e+00
2.270374059677124023e+00
2.389248132705688477e+00
1.864071726799011230e+00
9.417413473129272461e-01
7.193919420242309570e-01
2.300093173980712891e+00
2.637961864471435547e+00
1.701442360877990723e+00
1.425873160362243652e+00
2.133837223052978516e+00
2.502015113830566406e+00
2.117575168609619141e+00
1.975656032562255859e+00
2.446714401245117188e+00
2.648059129714965820e+00
2.362020254135131836e+00
2.022601366043090820e+00
1.509789228439331055e+00
7.964233160018920898e-01
5.987308025360107422e-01
1.888722896575927734e+00
2.257884025573730469e+00
1.663454532623291016e+00
1.504443287849426270e+00
1.847933769226074219e+00
1.667761206626892090e+00
1.055969476699829102e+00
1.249170660972595215e+00
2.224009990692138672e+00
2.449384927749633789e+00
1.742116093635559082e+00
1.139018893241882324e+00
8.114667534828186035e-01
4.855407476425170898e-01
1.974892914295196533e-01
9.472873806953430176e-01
1.470991730690002441e+00
1.611122131347656250e+00
1.658155202865600586e+00
1.308292627334594727e+00
3.537171185016632080e-01
-2.730973064899444580e-01
5.069380402565002441e-01
1.917266368865966797e+00
2.042488813400268555e+00
9.500952959060668945e-01
1.651151180267333984e-01
6.784103065729141235e-02
1.538171470165252686e-01
1.122122630476951599e-01
3.348172008991241455e-01
4.833944439888000488e-01
4.631617367267608643e-01
3.988408148288726807e-01
3.893269300460815430e-01
4.393225908279418945e-01
5.780206918716430664e-01
8.179650306701660156e-01
9.345064163208007812e-01
6.684792041778564453e-01
2.504814267158508301e-01
7.376788556575775146e-02
1.022524535655975342e-01
1.324040144681930542e-01
9.728146344423294067e-02
1.330431997776031494e-01
1.405693292617797852e-01
7.590476423501968384e-02
7.601916790008544922e-03
1.005393043160438538e-01
3.857554495334625244e-01
6.524114608764648438e-01
6.664434671401977539e-01
4.284907877445220947e-01
1.631214916706085205e-01
5.357325449585914612e-02
8.318231999874114990e-02
1.261751204729080200e-01
1.238255500793457031e-01
1.000004932284355164e-01
9.947062283754348755e-02
1.014711111783981323e-01
1.098848134279251099e-01
1.240585446357727051e-01
1.352753937244415283e-01
1.344879567623138428e-01
1.222898811101913452e-01
1.083891987800598145e-01
1.009289920330047607e-01
9.955967217683792114e-02
1.000463515520095825e-01
1.000938117504119873e-01
9.992825984954833984e-02
1.000004336237907410e-01
1.000005602836608887e-01
1.000005975365638733e-01
1.000005304813385010e-01
1.000004857778549194e-01
1.000005081295967102e-01
1.000005677342414856e-01
1.000005751848220825e-01
1.000005155801773071e-01
1.000005006790161133e-01
1.000005528330802917e-01
1.000005677342414856e-01
1.000005230307579041e-01
1.000005155801773071e-01
1.000005602836608887e-01
1.000005304813385010e-01
1.004056185483932495e-01
9.158901870250701904e-02
8.290030807256698608e-02
8.211921900510787964e-02
9.048277139663696289e-02
1.014913767576217651e-01
1.068941280245780945e-01
1.044749468564987183e-01
9.986381977796554565e-02
9.852017462253570557e-02
9.967125207185745239e-02
1.005025804042816162e-01
1.003571823239326477e-01
1.000468656420707703e-01
1.000152826309204102e-01
9.405217319726943970e-02
8.950317651033401489e-02
8.172100782394409180e-02
6.808057427406311035e-02
5.313083156943321228e-02
5.073906853795051575e-02
6.593032181262969971e-02
8.662403374910354614e-02
9.999410808086395264e-02
1.030832156538963318e-01
1.002899184823036194e-01
9.791196137666702271e-02
9.851918369531631470e-02
9.979629516601562500e-02
9.993780404329299927e-02
8.960593491792678833e-02
1.324948370456695557e-01
1.737255603075027466e-01
1.682725846767425537e-01
1.154663339257240295e-01
6.600908935070037842e-02
5.780294910073280334e-02
7.870505750179290771e-02
1.009194105863571167e-01
1.091800630092620850e-01
1.036697551608085632e-01
9.681518375873565674e-02
9.733316302299499512e-02
1.000532656908035278e-01
9.991391748189926147e-02
2.373549938201904297e-01
5.171757936477661133e-01
9.088742136955261230e-01
1.350026488304138184e+00
1.711651325225830078e+00
1.733111619949340820e+00
1.280263304710388184e+00
5.953230857849121094e-01
1.149419248104095459e-01
2.200519293546676636e-02
1.156157180666923523e-01
1.671320497989654541e-01
1.432229727506637573e-01
1.104027628898620605e-01
1.018599495291709900e-01
4.016926288604736328e-01
9.400634169578552246e-01
1.567174315452575684e+00
2.226988077163696289e+00
2.837184906005859375e+00
2.941125869750976562e+00
2.278178930282592773e+00
1.257968187332153320e+00
4.691598713397979736e-01
1.429378390312194824e-01
1.237145736813545227e-01
1.610550880432128906e-01
1.436706036329269409e-01
1.066303625702857971e-01
9.353004395961761475e-02
5.945820808410644531e-01
1.403233885765075684e+00
1.884321808815002441e+00
2.051437377929687500e+00
2.364482402801513672e+00
2.557617664337158203e+00
2.410922050476074219e+00
2.209791660308837891e+00
1.754543900489807129e+00
8.825020194053649902e-01
1.844647079706192017e-01
1.505815237760543823e-02
8.524989336729049683e-02
1.092424467206001282e-01
7.544140517711639404e-02
7.489798665046691895e-01
1.501381635665893555e+00
1.900735378265380859e+00
1.932346582412719727e+00
2.036989688873291016e+00
2.133338689804077148e+00
2.111031532287597656e+00
2.132341384887695312e+00
1.935162901878356934e+00
1.396622061729431152e+00
1.049822330474853516e+00
1.075839519500732422e+00
1.047533154487609863e+00
7.245547771453857422e-01
3.191024959087371826e-01
9.038231968879699707e-01
1.701417207717895508e+00
2.103487253189086914e+00
2.068433284759521484e+00
2.072159528732299805e+00
2.133299112319946289e+00
2.116164922714233398e+00
2.129262208938598633e+00
2.098017930984497070e+00
1.981854796409606934e+00
2.022755384445190430e+00
2.165946006774902344e+00
1.988457918167114258e+00
1.333916783332824707e+00
5.792073607444763184e-01
6.751441955566406250e-01
1.741942763328552246e+00
2.149854183197021484e+00
1.933238744735717773e+00
2.074023246765136719e+00
2.439585208892822266e+00
2.375814914703369141e+00
2.096747159957885742e+00
2.102568387985229492e+00
2.230550765991210938e+00
1.991672277450561523e+00
1.524684190750122070e+00
1.202941298484802246e+00
8.942540287971496582e-01
4.938707649707794189e-01
4.968024492263793945e-01
1.454303622245788574e+00
1.987274169921875000e+00
1.978268504142761230e+00
2.061386346817016602e+00
2.151566505432128906e+00
1.831833720207214355e+00
1.427439808845520020e+00
1.536789059638977051e+00
1.890602469444274902e+00
1.672214508056640625e+00
1.014501452445983887e+00
6.088381409645080566e-01
4.625889658927917480e-01
3.134901225566864014e-01
3.524534702301025391e-01
1.083844304084777832e+00
1.777518630027770996e+00
2.090913295745849609e+00
2.046428442001342773e+00
1.688126444816589355e+00
1.081336736679077148e+00
6.391610503196716309e-01
8.767450451850891113e-01
1.430112004280090332e+00
1.318571567535400391e+00
6.124526262283325195e-01
1.431013941764831543e-01
8.038338273763656616e-02
1.218910515308380127e-01
1.497631072998046875e-01
3.200537264347076416e-01
4.726238250732421875e-01
5.099931955337524414e-01
4.712537229061126709e-01
4.614632129669189453e-01
5.088424682617187500e-01
5.777227282524108887e-01
6.554920673370361328e-01
6.522658467292785645e-01
4.522085785865783691e-01
1.921397447586059570e-01
8.686241507530212402e-02
1.033789440989494324e-01
1.197653710842132568e-01
8.865702897310256958e-02
7.506186515092849731e-02
4.541317373514175415e-02
-2.674847841262817383e-03
-2.554989606142044067e-02
5.844321474432945251e-02
2.492890357971191406e-01
4.164364933967590332e-01
4.290337860584259033e-01
2.930632829666137695e-01
1.379298865795135498e-01
7.144518196582794189e-02
8.848762512207031250e-02
1.161340400576591492e-01
1.168497353792190552e-01
1.000007465481758118e-01
1.001659184694290161e-01
9.954043477773666382e-02
9.690493345260620117e-02
9.246052056550979614e-02
8.894300460815429688e-02
8.919078856706619263e-02
9.301444143056869507e-02
9.737072885036468506e-02
9.970924258232116699e-02
1.001386865973472595e-01
9.998610615730285645e-02
9.997167438268661499e-02
1.000237315893173218e-01
1.000004857778549194e-01
1.000005230307579041e-01
1.000005751848220825e-01
1.000005900859832764e-01
1.000006049871444702e-01
1.000005602836608887e-01
1.000005155801773071e-01
1.000005528330802917e-01
1.000006198883056641e-01
1.000005900859832764e-01
1.000005230307579041e-01
1.000005453824996948e-01
1.000005975365638733e-01
1.000005826354026794e-01
1.000005751848220825e-01
1.000005453824996948e-01
1.004295945167541504e-01
1.045309677720069885e-01
1.085182577371597290e-01
1.089010313153266907e-01
1.052756235003471375e-01
1.008141711354255676e-01
9.867785125970840454e-02
9.902669489383697510e-02
9.992887824773788452e-02
1.001465916633605957e-01
1.000492796301841736e-01
1.000421121716499329e-01
1.000132486224174500e-01
9.997507929801940918e-02
9.999988228082656860e-02
9.837971627712249756e-02
8.291831612586975098e-02
6.812303513288497925e-02
6.732550263404846191e-02
8.170944452285766602e-02
9.855608642101287842e-02
1.058889180421829224e-01
1.039152368903160095e-01
1.003297418355941772e-01
9.952583909034729004e-02
9.985159337520599365e-02
9.982097148895263672e-02
9.994298219680786133e-02
1.001113876700401306e-01
1.000032722949981689e-01
9.794100373983383179e-02
7.379727065563201904e-02
5.159121006727218628e-02
4.965231567621231079e-02
6.972631812095642090e-02
9.809746593236923218e-02
1.143094524741172791e-01
1.097703203558921814e-01
9.983883053064346313e-02
9.857393801212310791e-02
1.002288609743118286e-01
9.967646002769470215e-02
9.973272681236267090e-02
1.003244891762733459e-01
1.000044792890548706e-01
1.594070792198181152e-01
6.810594201087951660e-01
1.192549467086791992e+00
1.219225168228149414e+00
7.186136841773986816e-01
1.801178902387619019e-01
-1.756400614976882935e-02
2.283255755901336670e-02
8.641643822193145752e-02
1.086759567260742188e-01
1.088439673185348511e-01
1.043416559696197510e-01
9.973517805337905884e-02
9.826461225748062134e-02
9.992054104804992676e-02
1.889127790927886963e-01
1.146436452865600586e+00
2.060665607452392578e+00
2.112181901931762695e+00
1.310446381568908691e+00
5.204687714576721191e-01
2.836526036262512207e-01
2.991495132446289062e-01
2.270418703556060791e-01
1.032818108797073364e-01
5.509570613503456116e-02
7.718141376972198486e-02
9.803890436887741089e-02
1.004635319113731384e-01
1.002818122506141663e-01
2.001221179962158203e-01
1.166906833648681641e+00
1.984073400497436523e+00
2.031910896301269531e+00
1.647217392921447754e+00
1.582165598869323730e+00
1.807591319084167480e+00
1.598826527595520020e+00
8.341089487075805664e-01
1.275462210178375244e-01
-8.330703526735305786e-02
3.976420313119888306e-02
1.409624367952346802e-01
1.329144090414047241e-01
1.010751873254776001e-01
1.254576086997985840e+00
1.903898000717163086e+00
2.158783912658691406e+00
2.039579391479492188e+00
1.971164822578430176e+00
2.090378046035766602e+00
2.148884534835815430e+00
1.917851805686950684e+00
1.460752367973327637e+00
1.101287961006164551e+00
1.047591567039489746e+00
1.049671053886413574e+00
7.880359888076782227e-01
3.740065991878509521e-01
9.068429470062255859e-02
2.203546524047851562e+00
2.654776096343994141e+00
2.510904073715209961e+00
2.283683538436889648e+00
2.413260936737060547e+00
2.521620512008666992e+00
2.339963674545288086e+00
2.209488153457641602e+00
2.204730510711669922e+00
2.167800188064575195e+00
2.118744373321533203e+00
1.895604372024536133e+00
1.297607064247131348e+00
5.618898272514343262e-01
8.123990893363952637e-02
9.730454087257385254e-01
1.585111260414123535e+00
1.957491755485534668e+00
2.084452152252197266e+00
2.118949651718139648e+00
1.958364129066467285e+00
1.859259843826293945e+00
2.232744932174682617e+00
2.505771875381469727e+00
1.988351583480834961e+00
1.077545166015625000e+00
4.563362002372741699e-01
2.368513643741607666e-01
1.630489826202392578e-01
9.308811277151107788e-02
7.275093793869018555e-01
1.445715665817260742e+00
1.959479570388793945e+00
2.104454755783081055e+00
2.087112665176391602e+00
2.004000902175903320e+00
2.021757364273071289e+00
2.258051395416259766e+00
2.220723867416381836e+00
1.510654568672180176e+00
5.826514959335327148e-01
5.604167282581329346e-02
-1.476950943470001221e-03
8.403682708740234375e-02
1.053340435028076172e-01
8.651655912399291992e-01
1.660638213157653809e+00
2.168090105056762695e+00
2.211402177810668945e+00
2.165748357772827148e+00
2.273923397064208984e+00
2.405602455139160156e+00
2.294245481491088867e+00
1.774623632431030273e+00
9.906628131866455078e-01
3.370755910873413086e-01
6.291775405406951904e-02
7.341730594635009766e-02
1.257760524749755859e-01
1.165922060608863831e-01
2.623407542705535889e-01
4.287575781345367432e-01
5.339295864105224609e-01
5.423287153244018555e-01
5.336042642593383789e-01
5.564256906509399414e-01
5.786575078964233398e-01
5.438575148582458496e-01
4.260877370834350586e-01
2.644191384315490723e-01
1.394701153039932251e-01
9.315631538629531860e-02
9.869626164436340332e-02
1.073887422680854797e-01
1.028956696391105652e-01
6.286284327507019043e-02
2.390807121992111206e-02
-4.843175411224365234e-04
-7.069036364555358887e-04
2.858631312847137451e-03
-6.334245204925537109e-03
-1.980403065681457520e-02
-1.702248305082321167e-02
1.003383100032806396e-02
5.036583542823791504e-02
8.516461402177810669e-02
1.021249741315841675e-01
1.031661182641983032e-01
9.956321865320205688e-02
9.845753759145736694e-02
1.000008881092071533e-01
9.999294579029083252e-02
1.000219658017158508e-01
1.001449152827262878e-01
1.003519594669342041e-01
1.005156412720680237e-01
1.005039885640144348e-01
1.003258526325225830e-01
1.001229882240295410e-01
1.000141799449920654e-01
9.999427944421768188e-02
1.000013276934623718e-01
1.000018715858459473e-01
9.999947994947433472e-02
1.000006422400474548e-01
1.000005304813385010e-01
1.000005528330802917e-01
1.000005379319190979e-01
1.000005602836608887e-01
1.000005453824996948e-01
1.000005155801773071e-01
1.000005379319190979e-01
1.000005677342414856e-01
1.000005453824996948e-01
1.000005230307579041e-01
1.000005379319190979e-01
1.000005602836608887e-01
1.000005453824996948e-01
1.000005528330802917e-01
1.000005304813385010e-01
1.001037806272506714e-01
1.012557819485664368e-01
1.023789793252944946e-01
1.024670079350471497e-01
1.013970375061035156e-01
1.001075804233551025e-01
9.953413903713226318e-02
9.970805048942565918e-02
1.000330969691276550e-01
1.001155897974967957e-01
1.000572293996810913e-01
1.000169664621353149e-01
9.999886900186538696e-02
9.999287128448486328e-02
1.000000312924385071e-01
9.970499575138092041e-02
9.621297568082809448e-02
9.297060221433639526e-02
9.319341927766799927e-02
9.702099859714508057e-02
1.009816080331802368e-01
1.021505519747734070e-01
1.010680645704269409e-01
9.988331794738769531e-02
9.961841255426406860e-02
9.979874640703201294e-02
9.992914646863937378e-02
1.000059247016906738e-01
1.000339463353157043e-01
1.000024974346160889e-01
9.973952919244766235e-02
9.321910142898559570e-02
8.721613883972167969e-02
8.705448359251022339e-02
9.308240562677383423e-02
1.006873548030853271e-01
1.042848676443099976e-01
1.025259420275688171e-01
9.967780113220214844e-02
9.919686615467071533e-02
9.975379705429077148e-02
9.988983720541000366e-02
9.997762739658355713e-02
1.000792756676673889e-01
1.000033169984817505e-01
1.128800064325332642e-01
2.281975150108337402e-01
3.382971584796905518e-01
3.321361541748046875e-01
2.030798494815826416e-01
7.697313278913497925e-02
4.628591611981391907e-02
7.539086788892745972e-02
1.023810952901840210e-01
1.099469363689422607e-01
1.066004410386085510e-01
1.017955541610717773e-01
9.939754009246826172e-02
9.928845614194869995e-02
9.994139522314071655e-02
1.079065799713134766e-01
3.084970116615295410e-01
5.020541548728942871e-01
5.118721723556518555e-01
3.391948640346527100e-01
1.711616218090057373e-01
1.216841936111450195e-01
1.221127808094024658e-01
1.036248728632926941e-01
7.949315011501312256e-02
7.515700161457061768e-02
8.667919784784317017e-02
9.728577733039855957e-02
1.006602048873901367e-01
1.002075821161270142e-01
1.075724363327026367e-01
2.796786129474639893e-01
4.388965368270874023e-01
5.175074934959411621e-01
5.750479698181152344e-01
6.349065303802490234e-01
6.060565114021301270e-01
4.184735119342803955e-01
1.696751117706298828e-01
1.931408047676086426e-02
8.925884962081909180e-03
6.436279416084289551e-02
1.046592742204666138e-01
1.098446398973464966e-01
1.007906049489974976e-01
8.470963835716247559e-01
1.136165261268615723e+00
1.205563306808471680e+00
1.183210134506225586e+00
1.244999766349792480e+00
1.248345136642456055e+00
1.100192308425903320e+00
1.013595819473266602e+00
1.087580561637878418e+00
1.125875711441040039e+00
9.329373836517333984e-01
5.804796814918518066e-01
2.823369801044464111e-01
1.336042284965515137e-01
9.313201904296875000e-02
1.469115853309631348e+00
1.977036595344543457e+00
2.104947566986083984e+00
2.033851861953735352e+00
2.036170721054077148e+00
1.965920090675354004e+00
1.779338479042053223e+00
1.816197991371154785e+00
2.108242034912109375e+00
2.201334714889526367e+00
1.760621547698974609e+00
1.013287782669067383e+00
4.205946326255798340e-01
1.494169831275939941e-01
8.702510595321655273e-02
4.252114295959472656e-01
1.196455836296081543e+00
1.944287657737731934e+00
2.202484607696533203e+00
2.094080209732055664e+00
2.170168399810791016e+00
2.484187841415405273e+00
2.495667219161987305e+00
2.012436866760253906e+00
1.319402217864990234e+00
6.899504065513610840e-01
2.800759971141815186e-01
1.214489042758941650e-01
9.910308569669723511e-02
9.954339265823364258e-02
1.924242079257965088e-01
7.284002304077148438e-01
1.278401494026184082e+00
1.471900939941406250e+00
1.390906453132629395e+00
1.471499800682067871e+00
1.742188811302185059e+00
1.735739588737487793e+00
1.294406533241271973e+00
7.101135849952697754e-01
2.716642320156097412e-01
7.674673199653625488e-02
6.196480244398117065e-02
9.451422095298767090e-02
1.031081750988960266e-01
2.717343568801879883e-01
4.220997989177703857e-01
5.070242881774902344e-01
5.030506849288940430e-01
4.938059151172637939e-01
5.274602770805358887e-01
5.683605670928955078e-01
5.503216981887817383e-01
4.353837966918945312e-01
2.627837061882019043e-01
1.275150328874588013e-01
8.105721324682235718e-02
9.284254163503646851e-02
1.064332127571105957e-01
1.031155437231063843e-01
1.375271528959274292e-01
1.604937613010406494e-01
1.688139438629150391e-01
1.651604026556015015e-01
1.653971076011657715e-01
1.689942777156829834e-01
1.675834059715270996e-01
1.593525707721710205e-01
1.415218412876129150e-01
1.170192509889602661e-01
9.975960850715637207e-02
9.651192277669906616e-02
1.000178754329681396e-01
1.015446931123733521e-01
1.000874340534210205e-01
9.140527248382568359e-02
8.549585938453674316e-02
8.366100490093231201e-02
8.585982769727706909e-02
8.665083348751068115e-02
8.312074840068817139e-02
7.755394279956817627e-02
7.462285459041595459e-02
7.801957428455352783e-02
8.704105764627456665e-02
9.638570249080657959e-02
1.010751128196716309e-01
1.009391024708747864e-01
9.959881007671356201e-02
9.935182332992553711e-02
1.000005602836608887e-01
9.999503940343856812e-02
1.000159829854965210e-01
1.001042425632476807e-01
1.002530008554458618e-01
1.003707721829414368e-01
1.003625690937042236e-01
1.002345234155654907e-01
1.000885665416717529e-01
1.000102683901786804e-01
9.999595582485198975e-02
1.000010594725608826e-01
1.000014990568161011e-01
9.999977052211761475e-02
1.000005453824996948e-01
1.000005453824996948e-01
1.000005602836608887e-01
1.000005379319190979e-01
1.000005602836608887e-01
1.000005528330802917e-01
1.000005304813385010e-01
1.000005528330802917e-01
1.000005602836608887e-01
1.000005453824996948e-01
1.000005304813385010e-01
1.000005528330802917e-01
1.000005602836608887e-01
1.000005453824996948e-01
1.000005602836608887e-01
1.000005379319190979e-01
9.999532997608184814e-02
9.974710643291473389e-02
9.949857741594314575e-02
9.944717586040496826e-02
9.962610155344009399e-02
9.989669173955917358e-02
1.000740006566047668e-01
1.000892147421836853e-01
1.000420823693275452e-01
1.000299379229545593e-01
1.000306159257888794e-01
1.000160276889801025e-01
1.000039055943489075e-01
1.000012531876564026e-01
1.000005975365638733e-01
9.998881816864013672e-02
1.007132604718208313e-01
1.014086157083511353e-01
1.014860868453979492e-01
1.008945554494857788e-01
1.001024022698402405e-01
9.964837878942489624e-02
9.966540336608886719e-02
9.981941431760787964e-02
9.985058754682540894e-02
9.986369311809539795e-02
9.993531554937362671e-02
9.998667240142822266e-02
9.999728947877883911e-02
1.000001505017280579e-01
9.994919598102569580e-02
1.013480797410011292e-01
1.026679128408432007e-01
1.028865128755569458e-01
1.018961668014526367e-01
1.003043502569198608e-01
9.921436756849288940e-02
9.929469972848892212e-02
9.978549927473068237e-02
9.985563158988952637e-02
9.980309754610061646e-02
9.991228580474853516e-02
9.998814761638641357e-02
9.998879581689834595e-02
1.000000312924385071e-01
9.940354526042938232e-02
7.524257898330688477e-02
5.149298161268234253e-02
4.905542731285095215e-02
7.001988589763641357e-02
9.561586380004882812e-02
1.084507778286933899e-01
1.085599958896636963e-01
1.056269779801368713e-01
1.047799512743949890e-01
1.039841622114181519e-01
1.020192131400108337e-01
1.005043908953666687e-01
1.000432893633842468e-01
1.000106707215309143e-01
9.106019139289855957e-02
3.735674917697906494e-02
-9.990468621253967285e-03
-7.167458534240722656e-05
6.461954116821289062e-02
1.193914115428924561e-01
1.210142448544502258e-01
9.437736123800277710e-02
7.851651310920715332e-02
8.142084628343582153e-02
8.968885987997055054e-02
9.533432126045227051e-02
9.908176958560943604e-02
1.006045639514923096e-01
9.996365755796432495e-02
9.173861145973205566e-02
1.634363085031509399e-02
-4.070138186216354370e-02
2.008686214685440063e-02
1.777547895908355713e-01
2.534520328044891357e-01
1.669458150863647461e-01
4.827319085597991943e-02
1.143619418144226074e-02
3.802476450800895691e-02
6.706027686595916748e-02
8.164798468351364136e-02
9.339351952075958252e-02
1.005216762423515320e-01
9.985574334859848022e-02
4.863856136798858643e-01
5.933282971382141113e-01
6.054832339286804199e-01
6.324603557586669922e-01
7.181053757667541504e-01
6.840431690216064453e-01
5.174008011817932129e-01
4.927266538143157959e-01
6.773054599761962891e-01
7.954243421554565430e-01
6.262978911399841309e-01
3.079628050327301025e-01
1.076266393065452576e-01
7.418663054704666138e-02
1.011764258146286011e-01
8.030447363853454590e-01
1.155466079711914062e+00
1.328383684158325195e+00
1.351661801338195801e+00
1.338835954666137695e+00
1.233325600624084473e+00
1.079292893409729004e+00
1.132845044136047363e+00
1.404036283493041992e+00
1.501631498336791992e+00
1.116680979728698730e+00
5.025005340576171875e-01
1.213979050517082214e-01
5.421989783644676208e-02
1.040137261152267456e-01
1.797380745410919189e-01
7.354950904846191406e-01
1.320728659629821777e+00
1.518617272377014160e+00
1.417589187622070312e+00
1.535658836364746094e+00
1.840082049369812012e+00
1.743755221366882324e+00
1.238127470016479492e+00
7.552515864372253418e-01
4.211009442806243896e-01
2.015892565250396729e-01
1.085210591554641724e-01
1.011771485209465027e-01
1.102393269538879395e-01
3.048619627952575684e-02
3.468864858150482178e-01
7.196354269981384277e-01
8.548794984817504883e-01
7.871252894401550293e-01
8.846729993820190430e-01
1.119229078292846680e+00
1.042483806610107422e+00
6.559351682662963867e-01
3.232904076576232910e-01
1.653471589088439941e-01
1.110359132289886475e-01
1.033075004816055298e-01
1.074200049042701721e-01
1.062124595046043396e-01
6.289278715848922729e-02
9.357444941997528076e-03
-2.773981541395187378e-02
-3.297673910856246948e-02
-3.036176413297653198e-02
-3.802960366010665894e-02
-5.051823705434799194e-02
-4.830446094274520874e-02
-1.216682046651840210e-02
4.709839820861816406e-02
9.125187993049621582e-02
1.041718050837516785e-01
1.014204099774360657e-01
9.867587685585021973e-02
9.900577366352081299e-02
9.301891922950744629e-02
7.458656281232833862e-02
5.879758670926094055e-02
5.477181077003479004e-02
5.644411593675613403e-02
5.313481017947196960e-02
4.681668058037757874e-02
4.991103708744049072e-02
6.605722010135650635e-02
8.553972840309143066e-02
9.760425984859466553e-02
1.007247492671012878e-01
1.000624224543571472e-01
9.955715388059616089e-02
9.978117048740386963e-02
1.015891879796981812e-01
1.059898659586906433e-01
1.098450645804405212e-01
1.106570512056350708e-01
1.099299117922782898e-01
1.111648529767990112e-01
1.140814274549484253e-01
1.145353093743324280e-01
1.108751818537712097e-01
1.055135428905487061e-01
1.014386489987373352e-01
9.976936876773834229e-02
9.976362437009811401e-02
1.001196429133415222e-01
1.002003774046897888e-01
1.000004857778549194e-01
1.000018715858459473e-01
9.999694675207138062e-02
9.997610002756118774e-02
9.994094073772430420e-02
9.991320967674255371e-02
9.991527348756790161e-02
9.994546324014663696e-02
9.997977316379547119e-02
9.999820590019226074e-02
1.000016331672668457e-01
1.000004485249519348e-01
1.000003218650817871e-01
1.000007465481758118e-01
1.000005304813385010e-01
1.000005528330802917e-01
1.000005826354026794e-01
1.000005677342414856e-01
1.000005826354026794e-01
1.000005677342414856e-01
1.000005453824996948e-01
1.000005677342414856e-01
1.000005900859832764e-01
1.000005677342414856e-01
1.000005453824996948e-01
1.000005677342414856e-01
1.000005826354026794e-01
1.000005677342414856e-01
1.000005826354026794e-01
1.000005528330802917e-01
1.000005453824996948e-01
9.999982267618179321e-02
1.000012382864952087e-01
1.000040844082832336e-01
1.000048667192459106e-01
1.000029891729354858e-01
1.000008061528205872e-01
1.000000908970832825e-01
1.000007539987564087e-01
1.000014394521713257e-01
1.000011563301086426e-01
1.000005081295967102e-01
1.000004485249519348e-01
1.000006347894668579e-01
1.000005453824996948e-01
1.000005304813385010e-01
1.000036820769309998e-01
9.999759495258331299e-02
9.998559951782226562e-02
9.998221695423126221e-02
9.999008476734161377e-02
9.999944269657135010e-02
1.000025495886802673e-01
9.999965131282806396e-02
9.999667108058929443e-02
9.999800473451614380e-02
1.000007614493370056e-01
1.000009477138519287e-01
1.000002324581146240e-01
1.000005304813385010e-01
1.000005304813385010e-01
1.000049337744712830e-01
9.999649226665496826e-02
9.997980296611785889e-02
9.997507184743881226e-02
9.998600929975509644e-02
9.999902546405792236e-02
1.000033766031265259e-01
9.999935328960418701e-02
9.999516606330871582e-02
9.999700635671615601e-02
1.000008806586265564e-01
1.000011563301086426e-01
1.000001281499862671e-01
1.000005379319190979e-01
1.000005453824996948e-01
9.990709275007247925e-02
1.000884547829627991e-01
1.004468202590942383e-01
1.005473136901855469e-01
1.003117784857749939e-01
1.000332832336425781e-01
9.994129836559295654e-02
1.000270619988441467e-01
1.001152917742729187e-01
1.000763028860092163e-01
9.999440610408782959e-02
9.998831897974014282e-02
1.000101715326309204e-01
1.000005379319190979e-01
1.000006273388862610e-01
1.002958491444587708e-01
9.972620755434036255e-02
9.860491752624511719e-02
9.829846024513244629e-02
9.903726726770401001e-02
9.989970922470092773e-02
1.001836508512496948e-01
9.991817176342010498e-02
9.964241832494735718e-02
9.976325929164886475e-02
1.000197678804397583e-01
1.000388786196708679e-01
9.997035562992095947e-02
1.000005379319190979e-01
1.000006645917892456e-01
1.014782488346099854e-01
9.914921969175338745e-02
9.515839815139770508e-02
9.528701752424240112e-02
9.820397198200225830e-02
9.990952908992767334e-02
1.003187820315361023e-01
9.980159997940063477e-02
9.885414689779281616e-02
9.911055117845535278e-02
1.000785976648330688e-01
1.001622825860977173e-01
9.987114369869232178e-02
1.000004112720489502e-01
1.000004038214683533e-01
9.434875845909118652e-02
1.127294898033142090e-01
1.574112176895141602e-01
1.870884299278259277e-01
1.618046462535858154e-01
1.079378426074981689e-01
8.797159045934677124e-02
1.046253293752670288e-01
1.161088421940803528e-01
1.088171377778053284e-01
9.937039017677307129e-02
9.883108735084533691e-02
1.008943840861320496e-01
1.000005453824996948e-01
1.000003814697265625e-01
8.810701221227645874e-02
1.241113990545272827e-01
2.088466286659240723e-01
2.617020606994628906e-01
2.145797461271286011e-01
1.178691014647483826e-01
8.009778708219528198e-02
1.081853285431861877e-01
1.300078928470611572e-01
1.171868517994880676e-01
9.873178601264953613e-02
9.759988635778427124e-02
1.018528044223785400e-01
1.000007539987564087e-01
1.000012233853340149e-01
9.717835485935211182e-02
1.048141121864318848e-01
1.166692599654197693e-01
1.203334927558898926e-01
1.219574213027954102e-01
1.215747669339179993e-01
1.092383265495300293e-01
9.906083345413208008e-02
1.027585938572883606e-01
1.043993532657623291e-01
9.953557699918746948e-02
9.896922856569290161e-02
1.008552387356758118e-01
1.000006049871444702e-01
1.000010445713996887e-01
9.929586946964263916e-02
1.006652116775512695e-01
9.849257022142410278e-02
9.313603490591049194e-02
9.951529651880264282e-02
1.124980822205543518e-01
1.093727946281433105e-01
9.811713546514511108e-02
9.734080731868743896e-02
1.004045531153678894e-01
9.987477213144302368e-02
9.965912997722625732e-02
1.003043428063392639e-01
1.000004932284355164e-01
1.000006049871444702e-01
9.870640933513641357e-02
1.023230701684951782e-01
1.084265559911727905e-01
1.091172546148300171e-01
1.041714623570442200e-01
9.987295418977737427e-02
9.928184002637863159e-02
1.001525148749351501e-01
1.001798361539840698e-01
9.992774575948715210e-02
1.000145450234413147e-01
1.000367254018783569e-01
9.996917843818664551e-02
1.000004783272743225e-01
1.000005155801773071e-01
9.971768409013748169e-02
1.005205586552619934e-01
1.019686907529830933e-01
1.022408530116081238e-01
1.009773910045623779e-01
9.972266852855682373e-02
9.964561462402343750e-02
1.000741496682167053e-01
1.000987961888313293e-01
9.997805953025817871e-02
1.000061333179473877e-01
1.000153347849845886e-01
9.998749196529388428e-02
1.000005155801773071e-01
1.000005230307579041e-01
1.000653281807899475e-01
9.988132864236831665e-02
9.954854846000671387e-02
9.948495030403137207e-02
9.977607429027557373e-02
1.000666469335556030e-01
1.000838503241539001e-01
9.998329728841781616e-02
9.997740387916564941e-02
1.000057682394981384e-01
9.999929368495941162e-02
9.999708086252212524e-02
1.000035777688026428e-01
1.000005453824996948e-01
1.000005602836608887e-01
1.000005826354026794e-01
1.000005602836608887e-01
1.000005751848220825e-01
1.000005751848220825e-01
1.000005602836608887e-01
1.000005602836608887e-01
1.000005751848220825e-01
1.000005677342414856e-01
1.000005602836608887e-01
1.000005751848220825e-01
1.000005751848220825e-01
1.000005602836608887e-01
1.000005826354026794e-01
1.000005602836608887e-01
