1.000008583068847656e-01
1.000008955597877502e-01
1.000008583068847656e-01
1.000008657574653625e-01
1.000008806586265564e-01
1.000008657574653625e-01
1.000008657574653625e-01
1.000008732080459595e-01
1.000008657574653625e-01
1.000008657574653625e-01
1.000008732080459595e-01
1.000008657574653625e-01
1.000008583068847656e-01
1.000008955597877502e-01
1.000008583068847656e-01
1.000436991453170776e-01
1.001098453998565674e-01
1.001692786812782288e-01
1.001768857240676880e-01
1.001264825463294983e-01
1.000581234693527222e-01
1.000134050846099854e-01
9.999972581863403320e-02
1.000011935830116272e-01
1.000031083822250366e-01
1.000020876526832581e-01
1.000007465481758118e-01
1.000006645917892456e-01
1.000009849667549133e-01
1.000008285045623779e-01
9.981897473335266113e-02
9.953864663839340210e-02
9.928631037473678589e-02
9.925405681133270264e-02
9.946791082620620728e-02
9.975783526897430420e-02
9.994754195213317871e-02
1.000055372714996338e-01
9.999926388263702393e-02
9.999118745326995850e-02
9.999558329582214355e-02
1.000011935830116272e-01
1.000014841556549072e-01
1.000003665685653687e-01
1.000008136034011841e-01
9.974791854619979858e-02
9.935800731182098389e-02
9.900708496570587158e-02
9.896226972341537476e-02
9.925972670316696167e-02
9.966289252042770386e-02
9.992670267820358276e-02
1.000074520707130432e-01
9.999877214431762695e-02
9.998744726181030273e-02
9.999352693557739258e-02
1.000013798475265503e-01
1.000018045306205750e-01
1.000002026557922363e-01
1.000008508563041687e-01
1.054266393184661865e-01
1.137975752353668213e-01
1.213307306170463562e-01
1.222929507493972778e-01
1.159050539135932922e-01
1.072460934519767761e-01
1.015829965472221375e-01
9.985535591840744019e-02
1.000458002090454102e-01
1.002882122993469238e-01
1.001573950052261353e-01
9.998995810747146606e-02
9.998085349798202515e-02
1.000155657529830933e-01
1.000008285045623779e-01
8.304239809513092041e-02
5.648463219404220581e-02
3.256092220544815063e-02
2.959982305765151978e-02
5.009142309427261353e-02
7.772208005189895630e-02
9.561110287904739380e-02
1.008442938327789307e-01
1.000057235360145569e-01
9.911834448575973511e-02
9.950468689203262329e-02
1.000355258584022522e-01
1.000644192099571228e-01
9.995369613170623779e-02
1.000008508563041687e-01
4.212003201246261597e-02
-1.118068620562553406e-01
-2.541693150997161865e-01
-2.567529082298278809e-01
-1.022610291838645935e-01
8.315069973468780518e-02
1.745714992284774780e-01
1.656241118907928467e-01
1.235379427671432495e-01
9.950789064168930054e-02
9.715604037046432495e-02
1.002348437905311584e-01
1.004464328289031982e-01
9.966373443603515625e-02
1.000007241964340210e-01
8.063914179801940918e-01
1.011712312698364258e+00
1.146266579627990723e+00
1.382408022880554199e+00
1.739296555519104004e+00
1.888423919677734375e+00
1.572776675224304199e+00
9.671461582183837891e-01
4.383696317672729492e-01
1.735593974590301514e-01
1.043720766901969910e-01
1.002040356397628784e-01
1.006088033318519592e-01
9.945224970579147339e-02
1.000006869435310364e-01
1.225761651992797852e+00
1.665531992912292480e+00
2.086143970489501953e+00
2.691749095916748047e+00
3.396208763122558594e+00
3.601416349411010742e+00
2.927186727523803711e+00
1.755565524101257324e+00
7.568279504776000977e-01
2.523120641708374023e-01
1.125190854072570801e-01
1.001831442117691040e-01
1.009249314665794373e-01
9.922052174806594849e-02
1.000007241964340210e-01
-9.055988788604736328e-01
-1.316257357597351074e+00
-1.060316443443298340e+00
3.948651254177093506e-03
1.288515806198120117e+00
1.987011551856994629e+00
1.823633551597595215e+00
1.183749437332153320e+00
5.730537772178649902e-01
2.260359823703765869e-01
1.116496697068214417e-01
1.002937853336334229e-01
1.016264855861663818e-01
9.919866174459457397e-02
1.000006124377250671e-01
-7.759135365486145020e-01
-1.131360054016113281e+00
-1.017962574958801270e+00
-3.672201335430145264e-01
4.232794940471649170e-01
8.810546398162841797e-01
8.709542751312255859e-01
6.035974025726318359e-01
3.298925161361694336e-01
1.646913588047027588e-01
1.062015816569328308e-01
1.001792624592781067e-01
1.009978652000427246e-01
9.955776482820510864e-02
1.000007018446922302e-01
1.364117711782455444e-01
1.511838734149932861e-01
1.466126143932342529e-01
1.199299618601799011e-01
8.751347661018371582e-02
6.868603825569152832e-02
6.892356276512145996e-02
7.964992523193359375e-02
9.068694710731506348e-02
9.737175703048706055e-02
9.974796324968338013e-02
9.999414533376693726e-02
9.996023774147033691e-02
1.000185757875442505e-01
1.000009402632713318e-01
1.260620951652526855e-01
1.366357654333114624e-01
1.333695501089096069e-01
1.142810732126235962e-01
9.108734130859375000e-02
7.761633396148681641e-02
7.778470218181610107e-02
8.545215427875518799e-02
9.334095567464828491e-02
9.812072664499282837e-02
9.982019662857055664e-02
9.999568015336990356e-02
9.997162222862243652e-02
1.000137403607368469e-01
1.000008285045623779e-01
9.385748207569122314e-02
9.136530756950378418e-02
9.213525056838989258e-02
9.663459658622741699e-02
1.021016016602516174e-01
1.052770018577575684e-01
1.052374839782714844e-01
1.034301370382308960e-01
1.015706062316894531e-01
1.004440560936927795e-01
1.000434681773185730e-01
1.000019982457160950e-01
1.000076979398727417e-01
9.999787062406539917e-02
1.000008136034011841e-01
1.000008732080459595e-01
1.000008881092071533e-01
1.000008210539817810e-01
1.000008508563041687e-01
1.000008955597877502e-01
1.000008806586265564e-01
1.000008583068847656e-01
1.000008732080459595e-01
1.000008732080459595e-01
1.000008583068847656e-01
1.000008732080459595e-01
1.000008732080459595e-01
1.000008583068847656e-01
1.000008881092071533e-01
1.000008583068847656e-01
1.000008285045623779e-01
1.000008657574653625e-01
1.000008285045623779e-01
1.000008285045623779e-01
1.000008359551429749e-01
1.000008359551429749e-01
1.000008434057235718e-01
1.000008359551429749e-01
1.000008285045623779e-01
1.000008359551429749e-01
1.000008508563041687e-01
1.000008285045623779e-01
1.000008210539817810e-01
1.000008657574653625e-01
1.000008285045623779e-01
9.990645945072174072e-02
9.973276406526565552e-02
9.942139685153961182e-02
9.912992268800735474e-02
9.911190718412399292e-02
9.939844161272048950e-02
9.971294552087783813e-02
9.980209171772003174e-02
9.976577013731002808e-02
9.981196373701095581e-02
9.992621093988418579e-02
9.999991953372955322e-02
1.000104919075965881e-01
1.000013947486877441e-01
1.000002175569534302e-01
1.002728268504142761e-01
1.010502949357032776e-01
1.024485230445861816e-01
1.037378311157226562e-01
1.038104668259620667e-01
1.025481224060058594e-01
1.011759266257286072e-01
1.008073091506958008e-01
1.009911373257637024e-01
1.008035689592361450e-01
1.003118902444839478e-01
9.999750554561614990e-02
9.995760768651962280e-02
9.999943524599075317e-02
1.000032499432563782e-01
1.003222912549972534e-01
1.022534817457199097e-01
1.062859073281288147e-01
1.101859584450721741e-01
1.100552007555961609e-01
1.051691621541976929e-01
9.983026981353759766e-02
9.849878400564193726e-02
1.000512689352035522e-01
1.009369641542434692e-01
1.005267351865768433e-01
1.000120192766189575e-01
9.992350637912750244e-02
9.999872744083404541e-02
1.000042557716369629e-01
8.770923316478729248e-02
7.332798093557357788e-02
5.501913279294967651e-02
4.168310761451721191e-02
4.080089926719665527e-02
4.801202937960624695e-02
5.205354839563369751e-02
5.071362853050231934e-02
5.546797066926956177e-02
7.238629460334777832e-02
9.084669500589370728e-02
1.001663804054260254e-01
1.011568307876586914e-01
1.000337973237037659e-01
9.992762655019760132e-02
4.681809246540069580e-02
9.374394267797470093e-02
2.288345396518707275e-01
4.151813387870788574e-01
5.565801858901977539e-01
5.729364156723022461e-01
4.635807275772094727e-01
3.031330704689025879e-01
1.766862720251083374e-01
1.170494034886360168e-01
1.011100187897682190e-01
9.867463260889053345e-02
9.855133295059204102e-02
9.931698441505432129e-02
1.002353280782699585e-01
1.989605277776718140e-02
3.378352820873260498e-01
1.071916937828063965e+00
2.005860567092895508e+00
2.650029659271240234e+00
2.665563821792602539e+00
2.127357482910156250e+00
1.395112633705139160e+00
7.821044921875000000e-01
3.943677544593811035e-01
1.925694942474365234e-01
1.098445057868957520e-01
9.342971444129943848e-02
9.835284948348999023e-02
1.007588282227516174e-01
1.172350406646728516e+00
1.444466471672058105e+00
1.732901215553283691e+00
2.116656303405761719e+00
2.413305997848510742e+00
2.432701110839843750e+00
2.137237787246704102e+00
1.638559937477111816e+00
1.142306447029113770e+00
7.802113890647888184e-01
5.281241536140441895e-01
3.359916806221008301e-01
2.001474201679229736e-01
1.218777224421501160e-01
8.969359099864959717e-02
1.876450300216674805e+00
2.038691997528076172e+00
2.032317399978637695e+00
2.105758666992187500e+00
2.175400972366333008e+00
2.192340135574340820e+00
2.131612300872802734e+00
1.901026725769042969e+00
1.547528386116027832e+00
1.194393396377563477e+00
8.613752126693725586e-01
5.452507734298706055e-01
2.912422120571136475e-01
1.380732357501983643e-01
7.910168170928955078e-02
-9.698244333267211914e-01
-1.019347548484802246e+00
8.965476602315902710e-02
1.782118201255798340e+00
2.722551584243774414e+00
2.696113109588623047e+00
2.367472648620605469e+00
2.061450719833374023e+00
1.674510598182678223e+00
1.154921889305114746e+00
6.584615111351013184e-01
3.204746842384338379e-01
1.461299508810043335e-01
8.807604759931564331e-02
8.868746459484100342e-02
-9.160443544387817383e-01
-9.931496381759643555e-01
-2.438688874244689941e-01
8.937873244285583496e-01
1.509496331214904785e+00
1.490764141082763672e+00
1.315119981765747070e+00
1.189555764198303223e+00
9.994713664054870605e-01
6.875348687171936035e-01
3.796288669109344482e-01
1.850208491086959839e-01
1.009227558970451355e-01
8.484058082103729248e-02
9.534697234630584717e-02
1.534370630979537964e-01
1.112109944224357605e-01
7.278047502040863037e-03
-1.324779689311981201e-01
-2.393228411674499512e-01
-2.330993115901947021e-01
-1.134104952216148376e-01
2.585705369710922241e-02
1.031913980841636658e-01
1.144515275955200195e-01
1.018381193280220032e-01
9.482921659946441650e-02
9.555611014366149902e-02
9.837639331817626953e-02
1.002787649631500244e-01
1.331101655960083008e-01
1.256416290998458862e-01
8.438269793987274170e-02
2.399595081806182861e-02
-1.699777692556381226e-02
-1.395085453987121582e-02
2.216439694166183472e-02
6.077335029840469360e-02
8.353118598461151123e-02
9.207431972026824951e-02
9.495077282190322876e-02
9.709800034761428833e-02
9.896694868803024292e-02
9.995511919260025024e-02
1.001574620604515076e-01
9.250582754611968994e-02
9.488170593976974487e-02
1.017105951905250549e-01
1.094546541571617126e-01
1.142145767807960510e-01
1.149137914180755615e-01
1.125140488147735596e-01
1.084861308336257935e-01
1.047205775976181030e-01
1.024202853441238403e-01
1.012667194008827209e-01
1.006010174751281738e-01
1.002089977264404297e-01
1.000258699059486389e-01
9.996677190065383911e-02
1.000008136034011841e-01
1.000008657574653625e-01
1.000012531876564026e-01
1.000016331672668457e-01
1.000012755393981934e-01
1.000006943941116333e-01
1.000007838010787964e-01
1.000012308359146118e-01
1.000012084841728210e-01
1.000007465481758118e-01
1.000006347894668579e-01
1.000008359551429749e-01
1.000008732080459595e-01
1.000008434057235718e-01
1.000008210539817810e-01
1.000008210539817810e-01
1.000008583068847656e-01
1.000008210539817810e-01
1.000008359551429749e-01
1.000008359551429749e-01
1.000008210539817810e-01
1.000008285045623779e-01
1.000008359551429749e-01
1.000008210539817810e-01
1.000008285045623779e-01
1.000008359551429749e-01
1.000008210539817810e-01
1.000008136034011841e-01
1.000008583068847656e-01
1.000008210539817810e-01
1.006680801510810852e-01
1.013037636876106262e-01
1.020932793617248535e-01
1.026679575443267822e-01
1.026458740234375000e-01
1.020814627408981323e-01
1.013976112008094788e-01
1.009214818477630615e-01
1.006235256791114807e-01
1.003606691956520081e-01
1.001431867480278015e-01
1.000308841466903687e-01
1.000054702162742615e-01
1.000066772103309631e-01
1.000033318996429443e-01
9.771399945020675659e-02
9.484369307756423950e-02
9.116100519895553589e-02
8.849625289440155029e-02
8.860662579536437988e-02
9.120212495326995850e-02
9.426804631948471069e-02
9.625077992677688599e-02
9.738908708095550537e-02
9.846668690443038940e-02
9.941890835762023926e-02
9.990335255861282349e-02
9.998983889818191528e-02
9.997158497571945190e-02
9.998999536037445068e-02
9.706120938062667847e-02
8.928237110376358032e-02
7.497580349445343018e-02
6.205551326274871826e-02
6.324427574872970581e-02
8.053971827030181885e-02
9.978927671909332275e-02
1.061488687992095947e-01
1.021173149347305298e-01
9.864803403615951538e-02
9.879016876220703125e-02
9.979881346225738525e-02
1.000598818063735962e-01
9.996022284030914307e-02
9.998581558465957642e-02
1.860756278038024902e-01
2.438796162605285645e-01
2.708694636821746826e-01
2.643872797489166260e-01
2.766377925872802734e-01
3.422226011753082275e-01
4.020740091800689697e-01
3.680613338947296143e-01
2.596179246902465820e-01
1.632782518863677979e-01
1.160489171743392944e-01
1.026932373642921448e-01
1.010284423828125000e-01
1.008030325174331665e-01
1.003218442201614380e-01
2.257119715213775635e-01
4.729309380054473877e-01
8.177658319473266602e-01
1.125737786293029785e+00
1.282139539718627930e+00
1.277573466300964355e+00
1.128295779228210449e+00
8.452314138412475586e-01
5.197861790657043457e-01
2.729128003120422363e-01
1.432438790798187256e-01
9.818163514137268066e-02
9.241957217454910278e-02
9.637337177991867065e-02
9.897118806838989258e-02
2.012806236743927002e-01
9.407019615173339844e-01
2.282964229583740234e+00
3.669023513793945312e+00
4.288424015045166016e+00
3.892460346221923828e+00
2.895123958587646484e+00
1.856321692466735840e+00
1.062041044235229492e+00
5.381899476051330566e-01
2.386691570281982422e-01
1.089650541543960571e-01
8.101759850978851318e-02
8.886436372995376587e-02
9.667012095451354980e-02
1.337765097618103027e+00
1.817581295967102051e+00
2.362502098083496094e+00
2.850461959838867188e+00
2.957648038864135742e+00
2.675003767013549805e+00
2.265546083450317383e+00
1.887784004211425781e+00
1.523617625236511230e+00
1.152351856231689453e+00
8.294759392738342285e-01
5.828778743743896484e-01
3.884222507476806641e-01
2.384635210037231445e-01
1.452046632766723633e-01
2.114951610565185547e+00
2.303705215454101562e+00
2.188520908355712891e+00
1.984814405441284180e+00
1.700688242912292480e+00
1.548174500465393066e+00
1.721408247947692871e+00
2.017703294754028320e+00
2.086256980895996094e+00
1.834382414817810059e+00
1.439962625503540039e+00
1.044031977653503418e+00
6.752411723136901855e-01
3.756100535392761230e-01
1.916870474815368652e-01
-4.211128652095794678e-01
-2.028613090515136719e-01
9.753476381301879883e-01
2.513807058334350586e+00
3.199894428253173828e+00
2.916975259780883789e+00
2.472903251647949219e+00
2.309682130813598633e+00
2.155824661254882812e+00
1.716980218887329102e+00
1.142701983451843262e+00
6.748361587524414062e-01
3.763073384761810303e-01
2.179470658302307129e-01
1.497513949871063232e-01
-5.929434895515441895e-01
-4.048027098178863525e-01
6.526068449020385742e-01
2.059671401977539062e+00
2.751185178756713867e+00
2.472179412841796875e+00
1.840755939483642578e+00
1.408647656440734863e+00
1.164999365806579590e+00
8.961295485496520996e-01
5.975873470306396484e-01
3.603383302688598633e-01
2.135669589042663574e-01
1.438147872686386108e-01
1.205056458711624146e-01
8.254390954971313477e-02
2.143806219100952148e-01
6.565425395965576172e-01
1.281607747077941895e+00
1.638673901557922363e+00
1.411650657653808594e+00
7.638275623321533203e-01
1.597275584936141968e-01
-1.122465953230857849e-01
-9.593368321657180786e-02
1.884937286376953125e-02
9.769518673419952393e-02
1.161904186010360718e-01
1.070256233215332031e-01
9.879146516323089600e-02
1.091010570526123047e-01
1.328264176845550537e-01
2.231537103652954102e-01
3.617798984050750732e-01
4.475190937519073486e-01
3.957838416099548340e-01
2.379045784473419189e-01
9.025064855813980103e-02
2.748968452215194702e-02
3.768269717693328857e-02
7.145824283361434937e-02
9.467182308435440063e-02
1.015977263450622559e-01
1.006955206394195557e-01
9.931434690952301025e-02
9.654249995946884155e-02
8.819886296987533569e-02
7.964633405208587646e-02
7.534046471118927002e-02
7.620681822299957275e-02
8.184830844402313232e-02
9.243971854448318481e-02
1.054773256182670593e-01
1.135593950748443604e-01
1.124040335416793823e-01
1.064237803220748901e-01
1.016132235527038574e-01
9.977549314498901367e-02
9.977650642395019531e-02
1.001503318548202515e-01
1.000008359551429749e-01
1.000005900859832764e-01
9.999895840883255005e-02
9.999773651361465454e-02
9.999914467334747314e-02
1.000014245510101318e-01
1.000012531876564026e-01
9.999916702508926392e-02
9.999906271696090698e-02
1.000012606382369995e-01
1.000018566846847534e-01
1.000007241964340210e-01
1.000005751848220825e-01
1.000010445713996887e-01
1.000008210539817810e-01
1.000008657574653625e-01
1.000008881092071533e-01
1.000008508563041687e-01
1.000008955597877502e-01
1.000009030103683472e-01
1.000008583068847656e-01
1.000008508563041687e-01
1.000008806586265564e-01
1.000008881092071533e-01
1.000008583068847656e-01
1.000008583068847656e-01
1.000008657574653625e-01
1.000008583068847656e-01
1.000008955597877502e-01
1.000008583068847656e-01
1.017544493079185486e-01
1.053584739565849304e-01
1.105509549379348755e-01
1.145346537232398987e-01
1.143178120255470276e-01
1.101626083254814148e-01
1.054892241954803467e-01
1.031149327754974365e-01
1.024320870637893677e-01
1.016422882676124573e-01
1.006307750940322876e-01
1.000621765851974487e-01
9.999337792396545410e-02
1.000423207879066467e-01
1.000143289566040039e-01
9.331782162189483643e-02
7.762411236763000488e-02
5.483576282858848572e-02
3.738217055797576904e-02
3.841166198253631592e-02
5.674025043845176697e-02
7.721118628978729248e-02
8.731510490179061890e-02
8.987624943256378174e-02
9.304486215114593506e-02
9.735129773616790771e-02
9.978330135345458984e-02
1.000463664531707764e-01
9.981764107942581177e-02
9.994355589151382446e-02
9.101431816816329956e-02
4.551229253411293030e-02
-3.239180892705917358e-02
-9.626794606447219849e-02
-8.367339521646499634e-02
8.168704807758331299e-03
1.042298674583435059e-01
1.327802985906600952e-01
1.105334162712097168e-01
9.336959570646286011e-02
9.479725360870361328e-02
9.970191866159439087e-02
1.003600060939788818e-01
9.959709644317626953e-02
9.992117434740066528e-02
3.404158651828765869e-01
6.099020838737487793e-01
8.670309185981750488e-01
1.017021059989929199e+00
1.108755350112915039e+00
1.233531713485717773e+00
1.298327803611755371e+00
1.113358855247497559e+00
7.285084128379821777e-01
3.730682432651519775e-01
1.735635399818420410e-01
1.074449867010116577e-01
1.013460755348205566e-01
1.040219739079475403e-01
1.017081439495086670e-01
5.158163309097290039e-01
1.173197388648986816e+00
1.977636098861694336e+00
2.536641120910644531e+00
2.650379896163940430e+00
2.512271165847778320e+00
2.266963005065917969e+00
1.804552078247070312e+00
1.157169222831726074e+00
5.711440443992614746e-01
2.224325835704803467e-01
9.691142290830612183e-02
8.247768878936767578e-02
9.119632840156555176e-02
9.463188052177429199e-02
4.824329912662506104e-01
1.643832802772521973e+00
3.451937913894653320e+00
4.854840755462646484e+00
4.808474540710449219e+00
3.625767230987548828e+00
2.364268064498901367e+00
1.539268374443054199e+00
1.002789378166198730e+00
5.541474223136901855e-01
2.389209270477294922e-01
1.005329340696334839e-01
6.539672613143920898e-02
6.777186691761016846e-02
8.191865682601928711e-02
1.003470897674560547e+00
1.889273881912231445e+00
2.982255935668945312e+00
3.693319797515869141e+00
3.488908767700195312e+00
2.647714138031005859e+00
1.953860998153686523e+00
1.746636509895324707e+00
1.641721367835998535e+00
1.343200922012329102e+00
1.081327676773071289e+00
9.610689878463745117e-01
8.009841442108154297e-01
5.551682114601135254e-01
3.285782337188720703e-01
1.552179813385009766e+00
2.137655735015869141e+00
2.425130128860473633e+00
2.414988517761230469e+00
2.204514741897583008e+00
1.897391319274902344e+00
1.821486115455627441e+00
2.170344352722167969e+00
2.435832023620605469e+00
2.253452301025390625e+00
2.000059604644775391e+00
1.842627882957458496e+00
1.526210188865661621e+00
1.028765678405761719e+00
5.675128698348999023e-01
1.049572348594665527e+00
1.455143690109252930e+00
1.646999239921569824e+00
1.937485218048095703e+00
2.455636262893676758e+00
2.545918464660644531e+00
2.083271741867065430e+00
1.850078225135803223e+00
1.974411010742187500e+00
1.965132117271423340e+00
1.717904090881347656e+00
1.374820590019226074e+00
9.978977441787719727e-01
6.397247314453125000e-01
3.668936491012573242e-01
5.371183156967163086e-01
1.088673591613769531e+00
2.079911231994628906e+00
3.449159860610961914e+00
4.491727352142333984e+00
4.188378810882568359e+00
2.680209636688232422e+00
1.311493158340454102e+00
7.915511727333068848e-01
7.834003567695617676e-01
8.227162361145019531e-01
7.343629002571105957e-01
5.472919344902038574e-01
3.529987037181854248e-01
2.143955826759338379e-01
6.936169415712356567e-02
8.625932931900024414e-01
2.898730993270874023e+00
5.543306827545166016e+00
7.015878677368164062e+00
6.078978538513183594e+00
3.365411996841430664e+00
7.464359998703002930e-01
-5.430481433868408203e-01
-6.059429645538330078e-01
-2.010914683341979980e-01
9.995751827955245972e-02
1.725869774818420410e-01
1.331074237823486328e-01
9.486071020364761353e-02
8.286786824464797974e-02
2.425371110439300537e-01
7.222526073455810547e-01
1.374742984771728516e+00
1.737069845199584961e+00
1.498368382453918457e+00
8.369715213775634766e-01
2.237668037414550781e-01
-6.276068836450576782e-02
-7.191667705774307251e-02
1.905471086502075195e-02
8.776022493839263916e-02
1.077029779553413391e-01
1.026582568883895874e-01
9.657551348209381104e-02
1.022765785455703735e-01
5.405253544449806213e-02
-1.674693077802658081e-02
-8.047106117010116577e-02
-1.104428544640541077e-01
-9.043165296316146851e-02
-2.012383192777633667e-02
7.213095575571060181e-02
1.348094344139099121e-01
1.425963193178176880e-01
1.210243105888366699e-01
1.032482981681823730e-01
9.823878854513168335e-02
9.950600564479827881e-02
1.007909774780273438e-01
1.000009849667549133e-01
1.000006943941116333e-01
9.999821335077285767e-02
9.999633580446243286e-02
9.999843686819076538e-02
1.000016108155250549e-01
1.000012457370758057e-01
9.999868273735046387e-02
9.999874979257583618e-02
1.000014394521713257e-01
1.000021621584892273e-01
1.000008210539817810e-01
1.000005602836608887e-01
1.000010669231414795e-01
1.000008881092071533e-01
1.000007763504981995e-01
1.000008955597877502e-01
1.000007241964340210e-01
1.000005900859832764e-01
1.000007465481758118e-01
1.000008508563041687e-01
1.000007614493370056e-01
1.000007912516593933e-01
1.000008583068847656e-01
1.000007912516593933e-01
1.000007838010787964e-01
1.000008359551429749e-01
1.000008136034011841e-01
1.000008210539817810e-01
1.000007987022399902e-01
8.907584100961685181e-02
9.666933119297027588e-02
1.103214621543884277e-01
1.201402321457862854e-01
1.183055043220520020e-01
1.065665483474731445e-01
9.454859048128128052e-02
9.023040533065795898e-02
9.256616979837417603e-02
9.607681632041931152e-02
9.829188883304595947e-02
9.951242059469223022e-02
1.001561582088470459e-01
1.002480760216712952e-01
1.000261381268501282e-01
1.301006376743316650e-01
1.012672558426856995e-01
5.014225095510482788e-02
1.281683146953582764e-02
2.106792479753494263e-02
6.926070898771286011e-02
1.196272969245910645e-01
1.399221420288085938e-01
1.321271955966949463e-01
1.170393824577331543e-01
1.065082922577857971e-01
1.011834070086479187e-01
9.909250587224960327e-02
9.907067567110061646e-02
9.989318996667861938e-02
1.344449520111083984e-01
4.481285810470581055e-03
-1.473430991172790527e-01
-1.982351243495941162e-01
-1.080683991312980652e-01
4.299551993608474731e-02
1.461474001407623291e-01
1.650020182132720947e-01
1.403609961271286011e-01
1.200110763311386108e-01
1.116423606872558594e-01
1.049874201416969299e-01
9.857611358165740967e-02
9.713612496852874756e-02
9.985114634037017822e-02
-1.188562870025634766e+00
-1.184478044509887695e+00
-2.742468714714050293e-01
1.065025091171264648e+00
1.683170080184936523e+00
9.772866368293762207e-01
-3.671052157878875732e-01
-1.144876241683959961e+00
-1.021103262901306152e+00
-5.110154151916503906e-01
-9.842541068792343140e-02
8.836373686790466309e-02
1.264279633760452271e-01
1.148722544312477112e-01
1.032326593995094299e-01
-2.220177412033081055e+00
-2.054211139678955078e+00
-2.400279641151428223e-01
2.188327312469482422e+00
3.232340097427368164e+00
2.167552947998046875e+00
2.015330195426940918e-01
-1.016045689582824707e+00
-1.074635148048400879e+00
-5.968221426010131836e-01
-1.490451395511627197e-01
8.398275077342987061e-02
1.379413008689880371e-01
1.148366555571556091e-01
9.071081876754760742e-02
-2.189451456069946289e+00
-1.840756177902221680e+00
2.062302529811859131e-01
2.618685245513916016e+00
3.711033582687377930e+00
3.808489084243774414e+00
3.744698286056518555e+00
3.228985309600830078e+00
2.100647687911987305e+00
9.580178856849670410e-01
3.411671519279479980e-01
1.928233504295349121e-01
1.681949645280838013e-01
1.130484044551849365e-01
6.412007659673690796e-02
-1.947716593742370605e+00
-1.985899090766906738e+00
-4.609363973140716553e-01
1.649917006492614746e+00
2.757208824157714844e+00
2.984733343124389648e+00
3.073005437850952148e+00
2.864682197570800781e+00
2.212083578109741211e+00
1.545791268348693848e+00
1.254460096359252930e+00
1.208572745323181152e+00
1.070329785346984863e+00
7.703478336334228516e-01
4.555623233318328857e-01
-1.742009758949279785e+00
-2.131624460220336914e+00
-1.052332043647766113e+00
8.707330226898193359e-01
2.050387382507324219e+00
2.242208719253540039e+00
2.167605400085449219e+00
2.110511779785156250e+00
2.029007911682128906e+00
2.009925365447998047e+00
2.141130924224853516e+00
2.220525741577148438e+00
1.975278973579406738e+00
1.439483046531677246e+00
8.615243434906005859e-01
-4.687346518039703369e-01
-4.436434805393218994e-01
2.420907318592071533e-01
1.274282097816467285e+00
2.000929594039916992e+00
2.400465488433837891e+00
2.691827535629272461e+00
2.742836236953735352e+00
2.455313682556152344e+00
2.036279439926147461e+00
1.738631486892700195e+00
1.573878407478332520e+00
1.375659823417663574e+00
1.049906849861145020e+00
6.677873730659484863e-01
9.059419035911560059e-01
1.723006367683410645e+00
2.534835815429687500e+00
2.790088891983032227e+00
2.437870264053344727e+00
2.226591587066650391e+00
2.481917858123779297e+00
2.574345588684082031e+00
2.090364456176757812e+00
1.367306709289550781e+00
8.976179361343383789e-01
7.591017484664916992e-01
7.089477777481079102e-01
5.768350362777709961e-01
3.852719664573669434e-01
2.241248130798339844e+00
3.925241947174072266e+00
5.005748748779296875e+00
4.518846035003662109e+00
2.886279106140136719e+00
1.805987834930419922e+00
1.929351449012756348e+00
2.105080127716064453e+00
1.491372942924499512e+00
5.333627462387084961e-01
-1.104655116796493530e-02
-3.506707400083541870e-02
8.613392710685729980e-02
1.244901046156883240e-01
1.015568450093269348e-01
6.107561588287353516e-01
9.906485080718994141e-01
1.082839727401733398e+00
6.195715069770812988e-01
-1.242037639021873474e-01
-4.509936869144439697e-01
-1.184359118342399597e-01
3.597992062568664551e-01
4.877011477947235107e-01
2.938454151153564453e-01
9.356364607810974121e-02
4.540896788239479065e-02
7.892930507659912109e-02
1.000205576419830322e-01
9.507468342781066895e-02
2.607212960720062256e-02
-4.753132909536361694e-02
-2.239263653755187988e-01
-5.077718496322631836e-01
-7.623245716094970703e-01
-7.823008298873901367e-01
-5.107098817825317383e-01
-1.259645819664001465e-01
1.348478347063064575e-01
1.907552927732467651e-01
1.405783593654632568e-01
1.005209982395172119e-01
9.830171614885330200e-02
1.043907999992370605e-01
1.015773564577102661e-01
1.000007465481758118e-01
1.000083535909652710e-01
1.000554561614990234e-01
1.000933572649955750e-01
1.000521406531333923e-01
9.998112916946411133e-02
9.998689591884613037e-02
1.000574082136154175e-01
1.000634431838989258e-01
9.999025613069534302e-02
9.996841102838516235e-02
1.000042483210563660e-01
1.000085547566413879e-01
9.999474138021469116e-02
1.000007241964340210e-01
1.000007688999176025e-01
1.000007092952728271e-01
1.000010520219802856e-01
1.000014841556549072e-01
1.000012382864952087e-01
1.000007465481758118e-01
1.000007092952728271e-01
1.000008657574653625e-01
1.000008806586265564e-01
1.000008359551429749e-01
1.000008434057235718e-01
1.000008508563041687e-01
1.000008434057235718e-01
1.000008732080459595e-01
1.000008285045623779e-01
9.445679187774658203e-02
1.227028071880340576e-01
1.634151339530944824e-01
1.889820396900177002e-01
1.786793619394302368e-01
1.407560110092163086e-01
1.027130708098411560e-01
8.492275327444076538e-02
8.671105653047561646e-02
9.498940408229827881e-02
9.996452182531356812e-02
1.006208583712577820e-01
1.000508889555931091e-01
9.988296777009963989e-02
9.998105466365814209e-02
1.753268837928771973e-01
3.832866623997688293e-02
-1.626124083995819092e-01
-2.868389785289764404e-01
-2.407365739345550537e-01
-6.744637340307235718e-02
1.014207527041435242e-01
1.709478795528411865e-01
1.547359377145767212e-01
1.198673695325851440e-01
1.027573719620704651e-01
1.003283336758613586e-01
1.005729436874389648e-01
1.001437976956367493e-01
1.000846549868583679e-01
2.289041876792907715e-01
-3.828114271163940430e-01
-1.168850779533386230e+00
-1.559244036674499512e+00
-1.264444470405578613e+00
-5.589370131492614746e-01
4.579160362482070923e-02
2.798568606376647949e-01
2.371421158313751221e-01
1.414631605148315430e-01
1.030473113059997559e-01
1.050496622920036316e-01
1.065286472439765930e-01
1.020437330007553101e-01
1.001175567507743835e-01
-1.667146205902099609e+00
-1.937025427818298340e+00
-1.101730585098266602e+00
5.161881446838378906e-01
1.583475232124328613e+00
1.065837860107421875e+00
-4.202006161212921143e-01
-1.296704292297363281e+00
-1.070420742034912109e+00
-4.239266216754913330e-01
2.865944057703018188e-02
1.737490594387054443e-01
1.551930308341979980e-01
1.133414879441261292e-01
9.742558747529983521e-02
-3.043480396270751953e+00
-3.017934799194335938e+00
-9.893075227737426758e-01
2.002213239669799805e+00
3.622626304626464844e+00
2.643603324890136719e+00
3.216725289821624756e-01
-1.103419780731201172e+00
-1.021081686019897461e+00
-3.457461893558502197e-01
1.402725577354431152e-01
2.852302491664886475e-01
2.387090921401977539e-01
1.556635349988937378e-01
1.058481261134147644e-01
-2.677706956863403320e+00
-2.613683223724365234e+00
-9.035750627517700195e-01
1.365543961524963379e+00
2.825588226318359375e+00
3.706483840942382812e+00
4.361702919006347656e+00
4.133334159851074219e+00
2.928696632385253906e+00
1.604430556297302246e+00
8.282089233398437500e-01
5.725378990173339844e-01
4.793985188007354736e-01
3.405709564685821533e-01
1.866191625595092773e-01
-2.985727787017822266e+00
-3.870524883270263672e+00
-2.826101303100585938e+00
-5.126224756240844727e-01
1.359706878662109375e+00
2.658369302749633789e+00
3.591751337051391602e+00
3.528035402297973633e+00
2.650997638702392578e+00
1.901042342185974121e+00
1.609606266021728516e+00
1.545264840126037598e+00
1.435940384864807129e+00
1.144916057586669922e+00
7.393456697463989258e-01
-3.409962177276611328e+00
-5.228342056274414062e+00
-4.707119464874267578e+00
-2.121962070465087891e+00
2.610026895999908447e-01
1.741923093795776367e+00
2.535987138748168945e+00
2.438091278076171875e+00
2.017094135284423828e+00
2.062265872955322266e+00
2.364378929138183594e+00
2.500817298889160156e+00
2.383592844009399414e+00
1.966513276100158691e+00
1.322772741317749023e+00
-1.461295962333679199e+00
-2.548161983489990234e+00
-2.377402782440185547e+00
-1.042610287666320801e+00
3.329191207885742188e-01
1.700261831283569336e+00
2.948354959487915039e+00
3.205799341201782227e+00
2.680758237838745117e+00
2.224016189575195312e+00
1.935599088668823242e+00
1.746761679649353027e+00
1.694988250732421875e+00
1.540016055107116699e+00
1.124484062194824219e+00
9.330006837844848633e-01
1.312605261802673340e+00
1.519893288612365723e+00
1.128383517265319824e+00
4.212085306644439697e-01
7.791736721992492676e-01
2.313549280166625977e+00
3.303907632827758789e+00
2.964600324630737305e+00
2.010192632675170898e+00
1.201533079147338867e+00
8.426491618156433105e-01
8.340332508087158203e-01
8.253501057624816895e-01
6.369911432266235352e-01
3.332878589630126953e+00
5.320408821105957031e+00
5.636963844299316406e+00
3.356556415557861328e+00
2.093321382999420166e-01
-7.317219972610473633e-01
1.082957029342651367e+00
3.022950172424316406e+00
3.072572946548461914e+00
1.709672093391418457e+00
4.463244974613189697e-01
-2.541347593069076538e-02
-4.956975579261779785e-03
8.050775527954101562e-02
9.739952534437179565e-02
9.098360538482666016e-01
1.383042693138122559e+00
1.133269786834716797e+00
-1.699664294719696045e-01
-1.770809412002563477e+00
-2.336420059204101562e+00
-1.468681097030639648e+00
-1.380373537540435791e-01
5.987507104873657227e-01
5.683382153511047363e-01
2.597983181476593018e-01
7.878257334232330322e-02
6.012250855565071106e-02
8.384016156196594238e-02
8.928908407688140869e-02
1.435869932174682617e-02
-6.341493874788284302e-02
-3.634060621261596680e-01
-9.532200098037719727e-01
-1.593878507614135742e+00
-1.850301384925842285e+00
-1.504993915557861328e+00
-7.900984287261962891e-01
-1.515483558177947998e-01
1.491436660289764404e-01
1.788236498832702637e-01
1.297516673803329468e-01
1.076364517211914062e-01
1.067874133586883545e-01
1.031327694654464722e-01
1.000006049871444702e-01
9.999494999647140503e-02
9.982732683420181274e-02
9.970801323652267456e-02
9.986787289381027222e-02
1.000318676233291626e-01
1.000082269310951233e-01
1.000285670161247253e-01
1.001210957765579224e-01
1.001145020127296448e-01
1.000390201807022095e-01
9.999886155128479004e-02
9.999843686819076538e-02
1.000028327107429504e-01
1.000007390975952148e-01
1.000007167458534241e-01
9.999971091747283936e-02
1.000023260712623596e-01
1.000052988529205322e-01
1.000031530857086182e-01
1.000001132488250732e-01
1.000005081295967102e-01
1.000011488795280457e-01
1.000007539987564087e-01
1.000009179115295410e-01
1.000010445713996887e-01
1.000007390975952148e-01
1.000007912516593933e-01
1.000010073184967041e-01
1.000008359551429749e-01
1.574897170066833496e-01
2.531400322914123535e-01
3.701147437095642090e-01
4.355827867984771729e-01
3.962327241897583008e-01
2.812575399875640869e-01
1.665213108062744141e-01
1.030807048082351685e-01
9.332706034183502197e-02
1.069606915116310120e-01
1.132222115993499756e-01
1.066013798117637634e-01
9.918203949928283691e-02
9.782338142395019531e-02
9.980067610740661621e-02
1.960851848125457764e-01
-3.115343153476715088e-01
-9.809595346450805664e-01
-1.359790802001953125e+00
-1.186032056808471680e+00
-6.251167058944702148e-01
-9.057324379682540894e-02
1.386270523071289062e-01
1.196783334016799927e-01
6.126545742154121399e-02
6.201985105872154236e-02
9.342361241579055786e-02
1.093489453196525574e-01
1.064735054969787598e-01
1.008501648902893066e-01
2.682870924472808838e-01
-1.924225449562072754e+00
-4.826184272766113281e+00
-6.462317943572998047e+00
-5.591531276702880859e+00
-2.957476139068603516e+00
-4.593998491764068604e-01
6.337184309959411621e-01
5.301151871681213379e-01
1.507632732391357422e-01
2.199055254459381104e-02
9.005087614059448242e-02
1.429483890533447266e-01
1.286655068397521973e-01
1.011823043227195740e-01
7.690331935882568359e-01
2.132233679294586182e-01
-1.056378245353698730e+00
-1.747259497642517090e+00
-4.949670135974884033e-01
2.101957321166992188e+00
4.213650226593017578e+00
4.743201732635498047e+00
3.895426273345947266e+00
2.515667438507080078e+00
1.307410120964050293e+00
5.459663867950439453e-01
1.879868209362030029e-01
7.846449315547943115e-02
7.440035790205001831e-02
1.682621359825134277e+00
2.530465602874755859e+00
2.399258375167846680e+00
2.053668022155761719e+00
3.077023744583129883e+00
5.096765518188476562e+00
6.539031028747558594e+00
6.677657127380371094e+00
5.673641681671142578e+00
4.016571044921875000e+00
2.309719800949096680e+00
1.064002394676208496e+00
4.411533176898956299e-01
2.335450351238250732e-01
1.730857342481613159e-01
3.439785480499267578e+00
4.579046726226806641e+00
3.862000465393066406e+00
2.111438751220703125e+00
1.286357164382934570e+00
1.399443507194519043e+00
1.587940216064453125e+00
1.934132099151611328e+00
2.481393575668334961e+00
2.694533348083496094e+00
2.289036750793457031e+00
1.677620053291320801e+00
1.293673872947692871e+00
1.016185522079467773e+00
6.706525087356567383e-01
1.510585665702819824e+00
9.917555004358291626e-02
-2.093936443328857422e+00
-3.404461145401000977e+00
-2.733071327209472656e+00
-6.140367984771728516e-01
1.302670836448669434e+00
2.016893625259399414e+00
2.136353969573974609e+00
2.294662237167358398e+00
2.178995609283447266e+00
1.904450058937072754e+00
1.899131894111633301e+00
1.843516349792480469e+00
1.390019178390502930e+00
-5.400121212005615234e-01
-4.722284317016601562e+00
-8.529963493347167969e+00
-9.228645324707031250e+00
-6.554997920989990234e+00
-1.865321755409240723e+00
2.051869869232177734e+00
3.035286188125610352e+00
2.503453493118286133e+00
2.416223764419555664e+00
2.344637632369995117e+00
2.152800083160400391e+00
2.431285142898559570e+00
2.643181800842285156e+00
2.137135267257690430e+00
-2.648532092571258545e-01
-4.303424358367919922e+00
-7.964307308197021484e+00
-8.423354148864746094e+00
-5.623305320739746094e+00
-1.510641932487487793e+00
1.225977420806884766e+00
1.511667966842651367e+00
1.406207323074340820e+00
2.167104244232177734e+00
2.282181739807128906e+00
1.680883646011352539e+00
1.743705391883850098e+00
2.137572765350341797e+00
1.909890174865722656e+00
2.972371578216552734e-01
-1.744583487510681152e+00
-3.653671026229858398e+00
-3.718761920928955078e+00
-1.875067114830017090e+00
4.436517655849456787e-01
1.728547453880310059e+00
1.867789983749389648e+00
2.035477399826049805e+00
2.429692745208740234e+00
1.990893840789794922e+00
1.061760902404785156e+00
8.371148705482482910e-01
1.091751456260681152e+00
1.056439399719238281e+00
8.951574563980102539e-01
1.287622451782226562e+00
1.453407883644104004e+00
1.647247910499572754e+00
2.045152902603149414e+00
2.167886018753051758e+00
2.058042049407958984e+00
2.438992977142333984e+00
3.037650823593139648e+00
2.837505340576171875e+00
1.683713436126708984e+00
4.650246202945709229e-01
-6.694427877664566040e-02
-5.240232497453689575e-02
6.300108134746551514e-02
4.547923505306243896e-01
5.989826917648315430e-01
1.693546175956726074e-01
-1.027723193168640137e+00
-2.593380689620971680e+00
-3.786610603332519531e+00
-3.823156595230102539e+00
-2.487027645111083984e+00
-6.555932164192199707e-01
5.027751326560974121e-01
6.651052236557006836e-01
3.346210122108459473e-01
7.863683998584747314e-02
3.301761299371719360e-02
7.264690101146697998e-02
2.179116010665893555e-01
2.007617801427841187e-01
-2.690910696983337402e-01
-1.391317129135131836e+00
-2.851954936981201172e+00
-3.898134469985961914e+00
-3.874011278152465820e+00
-2.773919820785522461e+00
-1.285594820976257324e+00
-1.891646981239318848e-01
2.419535815715789795e-01
2.377710342407226562e-01
1.401444077491760254e-01
1.014172807335853577e-01
1.065055429935455322e-01
1.000004932284355164e-01
1.012718677520751953e-01
1.006968319416046143e-01
9.910860657691955566e-02
9.927085041999816895e-02
1.002421975135803223e-01
1.001180708408355713e-01
9.976667165756225586e-02
1.001385748386383057e-01
1.005752012133598328e-01
1.003776416182518005e-01
9.997033327817916870e-02
9.994074702262878418e-02
1.000482887029647827e-01
1.000009626150131226e-01
1.000007092952728271e-01
1.000002324581146240e-01
1.000020802021026611e-01
1.000039577484130859e-01
1.000023409724235535e-01
1.000002920627593994e-01
1.000005975365638733e-01
1.000009104609489441e-01
1.000006720423698425e-01
1.000010296702384949e-01
1.000010967254638672e-01
1.000006645917892456e-01
1.000006869435310364e-01
1.000009477138519287e-01
1.000008210539817810e-01
2.413312196731567383e-01
3.690896332263946533e-01
4.924335777759552002e-01
5.371718406677246094e-01
4.668151438236236572e-01
3.260650038719177246e-01
1.915183365345001221e-01
1.098976656794548035e-01
8.949685841798782349e-02
1.049320995807647705e-01
1.167704239487648010e-01
1.103103160858154297e-01
9.914612770080566406e-02
9.639319777488708496e-02
1.000807061791419983e-01
-3.349141180515289307e-01
-9.464226961135864258e-01
-1.554650425910949707e+00
-1.802387595176696777e+00
-1.519132018089294434e+00
-8.209838867187500000e-01
-1.147100999951362610e-01
2.047962844371795654e-01
1.678683161735534668e-01
6.874714791774749756e-02
5.870461836457252502e-02
9.752054512500762939e-02
1.160366386175155640e-01
1.088838949799537659e-01
9.966146945953369141e-02
-2.164720773696899414e+00
-4.890109539031982422e+00
-7.530365943908691406e+00
-8.510163307189941406e+00
-7.079545021057128906e+00
-3.843067884445190430e+00
-6.151485443115234375e-01
9.206942915916442871e-01
8.066518306732177734e-01
2.452817559242248535e-01
1.763670891523361206e-02
9.104070812463760376e-02
1.660453975200653076e-01
1.456737518310546875e-01
9.952421486377716064e-02
-2.091089248657226562e+00
-3.161810636520385742e+00
-3.612216711044311523e+00
-2.974212169647216797e+00
-1.082605361938476562e+00
1.778162956237792969e+00
4.500681400299072266e+00
5.675939083099365234e+00
4.950768470764160156e+00
3.199027538299560547e+00
1.544523954391479492e+00
5.566261410713195801e-01
1.801828444004058838e-01
1.094728559255599976e-01
1.129687130451202393e-01
-3.604767024517059326e-01
3.946754336357116699e-02
7.134828567504882812e-01
1.604777336120605469e+00
2.984811067581176758e+00
4.954313278198242188e+00
6.901823997497558594e+00
7.774128437042236328e+00
7.004034519195556641e+00
4.963153362274169922e+00
2.649090766906738281e+00
9.953814148902893066e-01
2.884486019611358643e-01
1.606512367725372314e-01
1.695220470428466797e-01
5.727966308593750000e+00
6.684944629669189453e+00
5.101306438446044922e+00
2.215169668197631836e+00
3.786028325557708740e-01
1.796894967555999756e-01
7.920217514038085938e-01
1.666492223739624023e+00
2.550911664962768555e+00
2.900606870651245117e+00
2.290159225463867188e+00
1.280191063880920410e+00
6.946543455123901367e-01
5.139642357826232910e-01
3.851242661476135254e-01
4.220991611480712891e+00
3.528562068939208984e+00
5.396996736526489258e-01
-2.879399776458740234e+00
-4.381950855255126953e+00
-3.524115085601806641e+00
-1.471422433853149414e+00
5.796664953231811523e-01
1.966572999954223633e+00
2.383701086044311523e+00
1.963617205619812012e+00
1.439231991767883301e+00
1.325793027877807617e+00
1.289767026901245117e+00
9.814380407333374023e-01
2.029284238815307617e+00
-4.791812002658843994e-01
-4.711050510406494141e+00
-8.129371643066406250e+00
-8.550073623657226562e+00
-5.960165977478027344e+00
-2.172337532043457031e+00
8.715018630027770996e-01
2.354781150817871094e+00
2.486623287200927734e+00
1.983380317687988281e+00
1.741389870643615723e+00
2.009142160415649414e+00
2.109506368637084961e+00
1.625263810157775879e+00
2.066215515136718750e+00
-3.171493113040924072e-01
-4.148119926452636719e+00
-6.555948734283447266e+00
-5.566808700561523438e+00
-2.405692577362060547e+00
1.538953185081481934e-01
1.012597918510437012e+00
1.338941097259521484e+00
1.923607707023620605e+00
2.086917161941528320e+00
1.842068076133728027e+00
1.855007410049438477e+00
1.880646824836730957e+00
1.479804873466491699e+00
5.460008978843688965e-01
-1.371475934982299805e+00
-3.740190505981445312e+00
-4.330939769744873047e+00
-2.313228607177734375e+00
3.082806766033172607e-01
1.476280570030212402e+00
1.574337840080261230e+00
1.955896377563476562e+00
2.585271596908569336e+00
2.406455993652343750e+00
1.593884944915771484e+00
1.124995827674865723e+00
1.020071983337402344e+00
8.308533430099487305e-01
-1.416213870048522949e+00
-2.841578245162963867e+00
-3.629808187484741211e+00
-2.486492633819580078e+00
9.875927120447158813e-02
1.664868474006652832e+00
1.501957297325134277e+00
1.606867909431457520e+00
2.764369010925292969e+00
3.529573917388916016e+00
2.787682533264160156e+00
1.267513871192932129e+00
2.662596404552459717e-01
1.845944672822952271e-02
6.799760460853576660e-02
1.373904645442962646e-01
-2.108560502529144287e-01
-1.152158737182617188e+00
-2.577910423278808594e+00
-4.094309806823730469e+00
-5.307240962982177734e+00
-5.509630680084228516e+00
-4.102838993072509766e+00
-1.757624030113220215e+00
7.580289244651794434e-02
6.671456098556518555e-01
4.369036257266998291e-01
1.396526396274566650e-01
5.346692353487014771e-02
7.818668335676193237e-02
5.323113203048706055e-01
5.498220920562744141e-01
-1.408756971359252930e-01
-1.726258635520935059e+00
-3.703515768051147461e+00
-5.131656169891357422e+00
-5.244757175445556641e+00
-4.011780738830566406e+00
-2.202875137329101562e+00
-7.451633810997009277e-01
-3.000859171152114868e-02
1.355543732643127441e-01
1.158590912818908691e-01
9.995971620082855225e-02
1.051163822412490845e-01
1.000007316470146179e-01
1.190128773450851440e-01
1.254377365112304688e-01
1.137108802795410156e-01
1.024485826492309570e-01
9.976113587617874146e-02
9.997923672199249268e-02
9.996598213911056519e-02
1.000289618968963623e-01
1.001666113734245300e-01
1.001164987683296204e-01
9.999107569456100464e-02
9.998198598623275757e-02
1.000161021947860718e-01
1.000007838010787964e-01
1.000008136034011841e-01
1.000009626150131226e-01
1.000016778707504272e-01
1.000021100044250488e-01
1.000013723969459534e-01
1.000006943941116333e-01
1.000007838010787964e-01
1.000007465481758118e-01
1.000007465481758118e-01
1.000011935830116272e-01
1.000011786818504333e-01
1.000007241964340210e-01
1.000007167458534241e-01
1.000009626150131226e-01
1.000008955597877502e-01
2.960358262062072754e-01
4.380155205726623535e-01
5.531172752380371094e-01
5.739748477935791016e-01
4.841198921203613281e-01
3.368979990482330322e-01
2.004801779985427856e-01
1.126459464430809021e-01
8.566137403249740601e-02
1.010989621281623840e-01
1.168669909238815308e-01
1.119683608412742615e-01
9.927828609943389893e-02
9.569889307022094727e-02
1.003601327538490295e-01
-7.732672095298767090e-01
-1.400479555130004883e+00
-1.870364427566528320e+00
-1.963029026985168457e+00
-1.615825772285461426e+00
-8.805326223373413086e-01
-1.034610345959663391e-01
2.607799768447875977e-01
2.117469310760498047e-01
8.582749962806701660e-02
6.443062424659729004e-02
1.025641113519668579e-01
1.196766495704650879e-01
1.093821600079536438e-01
9.847588837146759033e-02
-4.156449317932128906e+00
-7.024453163146972656e+00
-9.051759719848632812e+00
-9.255126953125000000e+00
-7.474792480468750000e+00
-4.114240169525146484e+00
-6.523785591125488281e-01
1.079277753829956055e+00
9.690915346145629883e-01
3.182295858860015869e-01
3.092584758996963501e-02
9.564898908138275146e-02
1.771430373191833496e-01
1.534582078456878662e-01
9.787099063396453857e-02
-4.905456066131591797e+00
-6.344211101531982422e+00
-5.686519622802734375e+00
-3.440894603729248047e+00
-9.781428575515747070e-01
1.537385582923889160e+00
4.034657955169677734e+00
5.387191295623779297e+00
4.891171932220458984e+00
3.182649612426757812e+00
1.472574949264526367e+00
4.799719750881195068e-01
1.637557446956634521e-01
1.435336321592330933e-01
1.510676294565200806e-01
-2.865905523300170898e+00
-2.980145215988159180e+00
-1.204315423965454102e+00
1.438397049903869629e+00
3.367067337036132812e+00
4.775994777679443359e+00
6.327886104583740234e+00
7.362859249114990234e+00
6.891319274902343750e+00
4.926956653594970703e+00
2.505944252014160156e+00
7.742255330085754395e-01
1.138829216361045837e-01
8.277767896652221680e-02
1.526650786399841309e-01
6.827834129333496094e+00
7.464890003204345703e+00
5.534553527832031250e+00
2.445711612701416016e+00
3.334178924560546875e-01
4.689168184995651245e-02
9.232243895530700684e-01
2.011690378189086914e+00
2.870200872421264648e+00
3.050399065017700195e+00
2.128967046737670898e+00
7.704986333847045898e-01
2.825544029474258423e-02
-5.249606817960739136e-02
4.192971438169479370e-02
5.892413616180419922e+00
6.010995864868164062e+00
2.987475395202636719e+00
-1.526101231575012207e+00
-4.600899696350097656e+00
-4.983787059783935547e+00
-3.096652984619140625e+00
-1.098779961466789246e-01
2.143077373504638672e+00
2.549478530883789062e+00
1.795663475990295410e+00
1.097301125526428223e+00
8.574551343917846680e-01
7.526552677154541016e-01
5.385813713073730469e-01
3.803735733032226562e+00
3.342810869216918945e+00
-2.988997399806976318e-01
-5.386082172393798828e+00
-8.529502868652343750e+00
-8.366086006164550781e+00
-5.292373180389404297e+00
-7.260283827781677246e-01
2.402681112289428711e+00
2.646182537078857422e+00
1.855896353721618652e+00
1.705226778984069824e+00
1.884383082389831543e+00
1.685667157173156738e+00
1.107567667961120605e+00
4.043540954589843750e+00
3.829360485076904297e+00
6.355009675025939941e-01
-3.145460367202758789e+00
-3.937449455261230469e+00
-2.036872625350952148e+00
2.688899636268615723e-02
1.204989910125732422e+00
1.753513693809509277e+00
2.053249359130859375e+00
2.284959793090820312e+00
2.405174493789672852e+00
2.240689992904663086e+00
1.721501350402832031e+00
1.046288013458251953e+00
1.021813631057739258e+00
-1.642365753650665283e-01
-2.438042879104614258e+00
-3.561237812042236328e+00
-1.910241007804870605e+00
5.632490515708923340e-01
1.545679450035095215e+00
1.552667379379272461e+00
1.914320111274719238e+00
2.593555688858032227e+00
2.730561733245849609e+00
2.194816350936889648e+00
1.530943036079406738e+00
1.008167624473571777e+00
6.074955463409423828e-01
-2.908285856246948242e+00
-5.461742877960205078e+00
-6.884475708007812500e+00
-5.366923809051513672e+00
-1.740373015403747559e+00
6.390748023986816406e-01
5.903499126434326172e-01
5.249051451683044434e-01
1.900422930717468262e+00
3.328760623931884766e+00
3.134329795837402344e+00
1.710672855377197266e+00
5.307797789573669434e-01
1.072244569659233093e-01
8.241990953683853149e-02
-4.583903402090072632e-02
-7.228997349739074707e-01
-2.051232814788818359e+00
-3.746124267578125000e+00
-5.355916500091552734e+00
-6.589904308319091797e+00
-6.815075397491455078e+00
-5.336964130401611328e+00
-2.695800781250000000e+00
-4.115475118160247803e-01
5.425081253051757812e-01
4.659617245197296143e-01
1.850791275501251221e-01
7.731590420007705688e-02
8.592795580625534058e-02
7.618005275726318359e-01
7.958860993385314941e-01
-7.408743351697921753e-02
-2.010791540145874023e+00
-4.349874496459960938e+00
-6.009583473205566406e+00
-6.176361560821533203e+00
-4.838118076324462891e+00
-2.821220159530639648e+00
-1.129308700561523438e+00
-2.229747772216796875e-01
6.153412163257598877e-02
9.787382185459136963e-02
9.831131249666213989e-02
1.033292263746261597e-01
1.000010147690773010e-01
1.331735849380493164e-01
1.454055607318878174e-01
1.257372498512268066e-01
1.051421687006950378e-01
9.934737533330917358e-02
9.986817836761474609e-02
1.000881418585777283e-01
1.000113785266876221e-01
1.002100259065628052e-01
1.002043262124061584e-01
9.998138993978500366e-02
9.996017068624496460e-02
1.000347808003425598e-01
1.000007688999176025e-01
1.000007465481758118e-01
1.000009179115295410e-01
1.000009328126907349e-01
1.000009477138519287e-01
1.000009924173355103e-01
1.000008806586265564e-01
1.000007465481758118e-01
1.000008508563041687e-01
1.000009700655937195e-01
1.000008732080459595e-01
1.000008136034011841e-01
1.000008657574653625e-01
1.000008508563041687e-01
1.000008583068847656e-01
1.000008285045623779e-01
1.284324377775192261e-01
1.691631376743316650e-01
2.102584838867187500e-01
2.266857326030731201e-01
2.085081040859222412e-01
1.681279242038726807e-01
1.283752024173736572e-01
1.051734164357185364e-01
9.925671666860580444e-02
1.013410314917564392e-01
1.027813479304313660e-01
1.014659851789474487e-01
9.976519644260406494e-02
9.949303418397903442e-02
1.001240611076354980e-01
-2.886774390935897827e-02
-2.072682678699493408e-01
-3.805335462093353271e-01
-4.514139592647552490e-01
-3.783747851848602295e-01
-1.881572902202606201e-01
1.256633549928665161e-02
1.107986643910408020e-01
1.112470328807830811e-01
9.297253191471099854e-02
9.355498105287551880e-02
1.017609983682632446e-01
1.034902185201644897e-01
1.008228808641433716e-01
9.947811067104339600e-02
-5.407212972640991211e-01
-1.348775863647460938e+00
-2.092076539993286133e+00
-2.328616142272949219e+00
-1.908389210700988770e+00
-1.011884331703186035e+00
-1.261302828788757324e-01
2.860422134399414062e-01
2.572996318340301514e-01
1.296634078025817871e-01
8.736429363489151001e-02
1.036200821399688721e-01
1.133507639169692993e-01
1.064029783010482788e-01
9.927085787057876587e-02
-7.859737873077392578e-01
-1.091461539268493652e+00
-8.611422777175903320e-01
-2.543034404516220093e-02
1.044305801391601562e+00
1.901307940483093262e+00
2.246004581451416016e+00
2.009567975997924805e+00
1.410057663917541504e+00
7.815743684768676758e-01
3.410756289958953857e-01
1.386688947677612305e-01
1.027765870094299316e-01
1.168515384197235107e-01
1.173062920570373535e-01
1.730755716562271118e-02
1.838139593601226807e-01
7.893805503845214844e-01
1.949071645736694336e+00
3.263401985168457031e+00
3.940444946289062500e+00
3.701780796051025391e+00
3.013792037963867188e+00
2.251059055328369141e+00
1.457239031791687012e+00
7.209624052047729492e-01
2.428531646728515625e-01
8.847896754741668701e-02
9.686149656772613525e-02
1.110656931996345520e-01
3.647431135177612305e+00
4.116492748260498047e+00
3.307169675827026367e+00
2.538153171539306641e+00
2.817969560623168945e+00
2.921721458435058594e+00
2.144205331802368164e+00
1.730146050453186035e+00
2.029754161834716797e+00
2.055935621261596680e+00
1.393375873565673828e+00
5.732517242431640625e-01
1.340068876743316650e-01
4.659139364957809448e-02
6.494865566492080688e-02
2.821978569030761719e+00
3.335778474807739258e+00
2.662940025329589844e+00
1.577733635902404785e+00
1.125890374183654785e+00
1.072553634643554688e+00
1.146068572998046875e+00
1.659742355346679688e+00
2.098657608032226562e+00
1.856588840484619141e+00
1.408188343048095703e+00
1.197496175765991211e+00
1.039560914039611816e+00
7.627325654029846191e-01
4.529382884502410889e-01
1.737062215805053711e+00
2.359402656555175781e+00
1.968779802322387695e+00
7.997519373893737793e-01
-2.814649790525436401e-02
8.270689845085144043e-02
1.008396029472351074e+00
2.116434335708618164e+00
2.423943281173706055e+00
1.938321352005004883e+00
1.781676054000854492e+00
2.123109817504882812e+00
2.135968923568725586e+00
1.589333295822143555e+00
9.021327495574951172e-01
2.311830520629882812e+00
3.177687883377075195e+00
2.499064922332763672e+00
1.226984977722167969e+00
1.356776475906372070e+00
2.454360246658325195e+00
2.791448593139648438e+00
2.238239049911499023e+00
2.024300813674926758e+00
2.644178867340087891e+00
3.247266530990600586e+00
3.135173082351684570e+00
2.456028699874877930e+00
1.620559334754943848e+00
9.106451869010925293e-01
1.192701101303100586e+00
1.743623733520507812e+00
1.559256672859191895e+00
1.153973937034606934e+00
1.513900995254516602e+00
2.094480991363525391e+00
1.687716960906982422e+00
5.017160773277282715e-01
-5.827769637107849121e-04
7.279149293899536133e-01
1.602945208549499512e+00
1.776061892509460449e+00
1.427549839019775391e+00
9.551582336425781250e-01
5.568868517875671387e-01
-4.436704814434051514e-01
-3.770896494388580322e-01
1.206405460834503174e-01
7.206357717514038086e-01
8.555419445037841797e-01
3.042383193969726562e-01
-8.438318967819213867e-01
-2.138425350189208984e+00
-2.654915332794189453e+00
-2.020159482955932617e+00
-9.770108461380004883e-01
-2.634116411209106445e-01
3.697345405817031860e-02
1.134015023708343506e-01
1.134072020649909973e-01
1.146588400006294250e-01
1.144456192851066589e-01
-1.727883815765380859e-01
-9.894653558731079102e-01
-2.213999748229980469e+00
-3.276928901672363281e+00
-3.616071701049804688e+00
-3.084428548812866211e+00
-1.943521857261657715e+00
-7.464720010757446289e-01
-2.571166306734085083e-02
1.533397436141967773e-01
1.039264574646949768e-01
7.336682081222534180e-02
9.398643672466278076e-02
2.772394418716430664e-01
2.741497159004211426e-01
-1.138843819499015808e-01
-1.008276104927062988e+00
-2.130818843841552734e+00
-2.926988363265991211e+00
-2.945134878158569336e+00
-2.164953231811523438e+00
-1.023275136947631836e+00
-9.814550727605819702e-02
2.985724210739135742e-01
2.787286043167114258e-01
1.494697928428649902e-01
9.209769964218139648e-02
1.014653146266937256e-01
1.000005900859832764e-01
1.050057262182235718e-01
1.069604456424713135e-01
1.039318293333053589e-01
1.006438434123992920e-01
1.000324338674545288e-01
1.001205295324325562e-01
9.948581457138061523e-02
1.004435345530509949e-01
1.026859953999519348e-01
1.021069362759590149e-01
9.981569647789001465e-02
9.961796551942825317e-02
1.003088280558586121e-01
1.000013351440429688e-01
1.000007539987564087e-01
1.000008434057235718e-01
1.000007539987564087e-01
1.000007316470146179e-01
1.000008508563041687e-01
1.000008508563041687e-01
1.000007539987564087e-01
1.000008359551429749e-01
1.000009030103683472e-01
1.000007763504981995e-01
1.000007539987564087e-01
1.000008359551429749e-01
1.000008285045623779e-01
1.000008210539817810e-01
1.000007912516593933e-01
9.139411896467208862e-02
1.000190004706382751e-01
1.132671013474464417e-01
1.226219385862350464e-01
1.227477639913558960e-01
1.147748306393623352e-01
1.056737229228019714e-01
1.016921624541282654e-01
1.014195457100868225e-01
1.006518825888633728e-01
9.935861080884933472e-02
9.919054806232452393e-02
9.992734342813491821e-02
1.002929732203483582e-01
1.000337749719619751e-01
1.392539143562316895e-01
1.019344702363014221e-01
4.257865250110626221e-02
2.072624862194061279e-03
3.949843347072601318e-03
3.444405645132064819e-02
6.531868129968643188e-02
8.310986310243606567e-02
9.176535159349441528e-02
9.770350158214569092e-02
1.010525897145271301e-01
1.009577438235282898e-01
9.953895211219787598e-02
9.917455911636352539e-02
9.986098855733871460e-02
2.992578744888305664e-01
1.533631682395935059e-01
-8.138983696699142456e-02
-2.295636534690856934e-01
-1.996903121471405029e-01
-6.320660561323165894e-02
4.893219098448753357e-02
8.298825472593307495e-02
8.048464357852935791e-02
8.849070966243743896e-02
1.017474234104156494e-01
1.033548787236213684e-01
9.783934056758880615e-02
9.644682705402374268e-02
9.980567544698715210e-02
4.362178742885589600e-01
6.396578550338745117e-01
9.070821404457092285e-01
1.239557147026062012e+00
1.511539697647094727e+00
1.502185702323913574e+00
1.148746371269226074e+00
6.556067466735839844e-01
2.754725515842437744e-01
9.774899482727050781e-02
5.551893636584281921e-02
6.663093715906143188e-02
9.080149233341217041e-02
1.050138995051383972e-01
1.045098602771759033e-01
8.179148435592651367e-01
1.281679034233093262e+00
1.774059772491455078e+00
2.335436820983886719e+00
2.819874286651611328e+00
2.749048948287963867e+00
2.032121658325195312e+00
1.212413787841796875e+00
6.814270615577697754e-01
3.941871523857116699e-01
2.173064053058624268e-01
1.194649413228034973e-01
9.709610044956207275e-02
1.019106656312942505e-01
9.880726784467697144e-02
1.825884222984313965e+00
2.247328519821166992e+00
2.126462221145629883e+00
2.134587287902832031e+00
2.678249120712280273e+00
2.797863960266113281e+00
2.116011857986450195e+00
1.642375230789184570e+00
1.641765475273132324e+00
1.474605679512023926e+00
9.756966829299926758e-01
4.758488535881042480e-01
2.003549039363861084e-01
1.063591614365577698e-01
8.353010565042495728e-02
1.725236058235168457e+00
2.205251216888427734e+00
2.168944358825683594e+00
2.047138452529907227e+00
2.249487876892089844e+00
2.322936296463012695e+00
2.074776411056518555e+00
1.977865576744079590e+00
1.920168995857238770e+00
1.596749663352966309e+00
1.310277223587036133e+00
1.193771958351135254e+00
9.879372119903564453e-01
6.461505889892578125e-01
3.415557742118835449e-01
1.568852305412292480e+00
2.255376338958740234e+00
2.423938751220703125e+00
2.232016801834106445e+00
2.173968791961669922e+00
2.250580310821533203e+00
2.334848880767822266e+00
2.425225734710693359e+00
2.245435237884521484e+00
1.861965537071228027e+00
1.846750855445861816e+00
2.056919336318969727e+00
1.848735451698303223e+00
1.226137876510620117e+00
6.263583898544311523e-01
1.263694167137145996e+00
2.295602798461914062e+00
2.447375774383544922e+00
2.069327116012573242e+00
2.322298288345336914e+00
2.772523164749145508e+00
2.561623811721801758e+00
2.133285284042358398e+00
2.182986259460449219e+00
2.579944133758544922e+00
2.723408460617065430e+00
2.359051704406738281e+00
1.705265879631042480e+00
1.058124899864196777e+00
5.773956775665283203e-01
1.060789108276367188e+00
1.912582278251647949e+00
2.199314832687377930e+00
2.107028245925903320e+00
2.369165182113647461e+00
2.611245632171630859e+00
2.088694572448730469e+00
1.118124842643737793e+00
6.203776597976684570e-01
8.448610305786132812e-01
1.180932044982910156e+00
1.175511240959167480e+00
9.159318208694458008e-01
6.089344620704650879e-01
3.621195256710052490e-01
9.087957143783569336e-01
1.421043753623962402e+00
1.874803304672241211e+00
2.158374309539794922e+00
2.244940042495727539e+00
2.035946369171142578e+00
1.218199729919433594e+00
-2.176944613456726074e-01
-1.425549864768981934e+00
-1.627785682678222656e+00
-1.063101172447204590e+00
-4.046793878078460693e-01
-1.756007969379425049e-02
1.066453754901885986e-01
1.112334579229354858e-01
2.929115295410156250e-01
4.138618707656860352e-01
3.861351609230041504e-01
8.565515279769897461e-02
-4.103310406208038330e-01
-8.485667705535888672e-01
-1.058426856994628906e+00
-1.030842900276184082e+00
-7.696493864059448242e-01
-3.665681779384613037e-01
-4.727550595998764038e-02
7.668405771255493164e-02
8.560646325349807739e-02
8.384147286415100098e-02
9.736658632755279541e-02
8.670157194137573242e-02
8.220174908638000488e-02
-5.267796665430068970e-02
-3.959128260612487793e-01
-8.554083108901977539e-01
-1.188050270080566406e+00
-1.177865982055664062e+00
-8.071123361587524414e-01
-2.747302055358886719e-01
1.433302611112594604e-01
2.915244698524475098e-01
2.327721416950225830e-01
1.355131268501281738e-01
9.533677250146865845e-02
1.006527245044708252e-01
1.000005751848220825e-01
9.841360896825790405e-02
9.789826720952987671e-02
9.879139810800552368e-02
9.965638816356658936e-02
1.001245900988578796e-01
1.001055017113685608e-01
9.962600469589233398e-02
1.003092974424362183e-01
1.018486768007278442e-01
1.014436781406402588e-01
9.987419843673706055e-02
9.973917901515960693e-02
1.002112105488777161e-01
1.000011265277862549e-01
1.000008732080459595e-01
1.000008806586265564e-01
1.000008583068847656e-01
1.000009030103683472e-01
1.000008732080459595e-01
1.000008434057235718e-01
1.000008806586265564e-01
1.000008732080459595e-01
1.000008359551429749e-01
1.000008657574653625e-01
1.000008881092071533e-01
1.000008508563041687e-01
1.000008434057235718e-01
1.000009030103683472e-01
1.000008583068847656e-01
1.033305674791336060e-01
1.062437370419502258e-01
1.092444211244583130e-01
1.104726865887641907e-01
1.087195351719856262e-01
1.050829067826271057e-01
1.017297059297561646e-01
9.985919296741485596e-02
9.937866777181625366e-02
9.958328306674957275e-02
9.984514862298965454e-02
9.994978457689285278e-02
9.997133165597915649e-02
9.998888522386550903e-02
1.000072136521339417e-01
8.574721217155456543e-02
7.341433316469192505e-02
6.082035601139068604e-02
5.564301088452339172e-02
6.297309696674346924e-02
7.856555283069610596e-02
9.315885603427886963e-02
1.010558977723121643e-01
1.027449518442153931e-01
1.017502918839454651e-01
1.007386967539787292e-01
1.003331616520881653e-01
1.001621410250663757e-01
1.000322178006172180e-01
9.997370094060897827e-02
7.335939258337020874e-02
5.948261171579360962e-02
4.782622307538986206e-02
4.437879100441932678e-02
5.380462482571601868e-02
7.227415591478347778e-02
9.041091799736022949e-02
1.013752818107604980e-01
1.043269634246826172e-01
1.028370261192321777e-01
1.010116860270500183e-01
1.003771424293518066e-01
1.002997681498527527e-01
1.001541689038276672e-01
9.996318072080612183e-02
5.083444714546203613e-01
9.667725563049316406e-01
1.464421987533569336e+00
1.684620976448059082e+00
1.426704049110412598e+00
8.629832863807678223e-01
3.470749557018280029e-01
7.793824374675750732e-02
2.222251147031784058e-02
5.091878026723861694e-02
7.896703481674194336e-02
9.047643840312957764e-02
9.624043852090835571e-02
1.000036075711250305e-01
1.007971912622451782e-01
7.715834975242614746e-01
1.504893302917480469e+00
2.295107603073120117e+00
2.664653301239013672e+00
2.323641300201416016e+00
1.533006072044372559e+00
8.051583766937255859e-01
4.093785583972930908e-01
2.780412733554840088e-01
2.326405048370361328e-01
1.849187016487121582e-01
1.386207491159439087e-01
1.119824051856994629e-01
1.013009771704673767e-01
9.703379869461059570e-02
5.555305480957031250e-01
9.337183237075805664e-01
1.302321314811706543e+00
1.553529977798461914e+00
1.680058121681213379e+00
1.739910483360290527e+00
1.769751071929931641e+00
1.719343066215515137e+00
1.489520788192749023e+00
1.093708395957946777e+00
6.922678947448730469e-01
4.043546617031097412e-01
2.302648127079010010e-01
1.333409100770950317e-01
9.031784534454345703e-02
1.461277365684509277e+00
1.776109933853149414e+00
1.753802537918090820e+00
1.693416953086853027e+00
1.829705357551574707e+00
1.945374965667724609e+00
1.915641188621520996e+00
1.906570792198181152e+00
1.833786725997924805e+00
1.591021180152893066e+00
1.366559863090515137e+00
1.178770303726196289e+00
8.656036257743835449e-01
4.864489734172821045e-01
2.174392938613891602e-01
2.246901750564575195e+00
2.729951620101928711e+00
2.541994571685791016e+00
2.232990264892578125e+00
2.290825128555297852e+00
2.272994756698608398e+00
2.019557237625122070e+00
2.058508157730102539e+00
2.250075817108154297e+00
2.190134763717651367e+00
2.066256761550903320e+00
1.896354675292968750e+00
1.427918553352355957e+00
7.968016266822814941e-01
3.317708969116210938e-01
6.054989099502563477e-01
1.616090178489685059e+00
2.071192502975463867e+00
1.984001874923706055e+00
2.037428379058837891e+00
1.937827825546264648e+00
1.691650152206420898e+00
2.083905220031738281e+00
2.693435668945312500e+00
2.558489084243774414e+00
1.858092784881591797e+00
1.180208563804626465e+00
6.951360702514648438e-01
3.715793192386627197e-01
1.870120167732238770e-01
8.497828245162963867e-01
1.521263718605041504e+00
1.703618764877319336e+00
1.756029963493347168e+00
2.354112386703491211e+00
2.884106397628784180e+00
2.783259868621826172e+00
2.547986268997192383e+00
2.320210218429565430e+00
1.795965552330017090e+00
1.112614274024963379e+00
5.927696824073791504e-01
3.129256367683410645e-01
1.839135140180587769e-01
1.247773692011833191e-01
1.753718733787536621e+00
1.816078543663024902e+00
1.422766208648681641e+00
1.571611046791076660e+00
2.872857093811035156e+00
4.239653110504150391e+00
4.315442085266113281e+00
3.150707006454467773e+00
1.708693504333496094e+00
7.130506038665771484e-01
2.501300275325775146e-01
1.067668199539184570e-01
9.139783680438995361e-02
9.896870702505111694e-02
9.813570976257324219e-02
4.617435932159423828e-01
4.755356609821319580e-01
3.845655620098114014e-01
4.210216104984283447e-01
7.309272289276123047e-01
1.054637074470520020e+00
1.067223548889160156e+00
7.850382328033447266e-01
4.454178512096405029e-01
2.186453640460968018e-01
1.154920682311058044e-01
8.663028478622436523e-02
9.158461540937423706e-02
9.940992295742034912e-02
9.910842776298522949e-02
1.602145284414291382e-02
2.760080248117446899e-02
5.133462697267532349e-02
4.697920382022857666e-02
3.906130790710449219e-03
-4.516994208097457886e-02
-5.561358481645584106e-02
-1.453030854463577271e-02
4.645052924752235413e-02
8.711565285921096802e-02
9.808554500341415405e-02
9.726305305957794189e-02
9.933590888977050781e-02
1.015412807464599609e-01
1.002107635140419006e-01
1.000007912516593933e-01
1.000745370984077454e-01
1.000990569591522217e-01
1.000575125217437744e-01
1.000164598226547241e-01
9.999541193246841431e-02
9.999644011259078979e-02
1.000164002180099487e-01
9.998817741870880127e-02
9.992466866970062256e-02
9.994129091501235962e-02
1.000060066580772400e-01
1.000117883086204529e-01
9.999239444732666016e-02
1.000007539987564087e-01
1.000008210539817810e-01
1.000008508563041687e-01
1.000008210539817810e-01
1.000008359551429749e-01
1.000008359551429749e-01
1.000008136034011841e-01
1.000008285045623779e-01
1.000008359551429749e-01
1.000008210539817810e-01
1.000008285045623779e-01
1.000008359551429749e-01
1.000008285045623779e-01
1.000008136034011841e-01
1.000008583068847656e-01
1.000008210539817810e-01
1.011508479714393616e-01
1.018444746732711792e-01
1.025047749280929565e-01
1.026686728000640869e-01
1.019998192787170410e-01
1.009065657854080200e-01
1.000683754682540894e-01
9.972964972257614136e-02
9.974420070648193359e-02
9.988213330507278442e-02
9.999015927314758301e-02
1.000201180577278137e-01
1.000034809112548828e-01
9.999320656061172485e-02
1.000016331672668457e-01
9.503044188022613525e-02
9.210596978664398193e-02
8.940236270427703857e-02
8.873096853494644165e-02
9.149088710546493530e-02
9.624736756086349487e-02
1.000684648752212524e-01
1.014776453375816345e-01
1.011643558740615845e-01
1.004886850714683533e-01
1.001019179821014404e-01
1.000019162893295288e-01
1.000152900815010071e-01
1.000192910432815552e-01
9.999720007181167603e-02
8.822549879550933838e-02
8.653800189495086670e-02
8.699771761894226074e-02
8.875678479671478271e-02
9.204027801752090454e-02
9.633473306894302368e-02
1.000742986798286438e-01
1.020007357001304626e-01
1.019888892769813538e-01
1.009688228368759155e-01
1.001298129558563232e-01
9.994118660688400269e-02
1.000749021768569946e-01
1.001050546765327454e-01
9.999586641788482666e-02
2.100666016340255737e-01
3.353592455387115479e-01
4.764687120914459229e-01
5.326735973358154297e-01
4.355154931545257568e-01
2.517092525959014893e-01
1.076001748442649841e-01
5.793446674942970276e-02
6.875514984130859375e-02
8.805528283119201660e-02
9.748712927103042603e-02
1.002193838357925415e-01
1.003724336624145508e-01
1.000827997922897339e-01
1.000987663865089417e-01
1.613299250602722168e-01
3.036602437496185303e-01
5.261549949645996094e-01
6.987359523773193359e-01
6.825172305107116699e-01
5.111736655235290527e-01
3.287704885005950928e-01
2.193975746631622314e-01
1.675383150577545166e-01
1.344176232814788818e-01
1.126918494701385498e-01
1.035386547446250916e-01
1.002755388617515564e-01
9.906311333179473877e-02
9.935383498668670654e-02
-3.036927282810211182e-01
-4.546925723552703857e-01
-3.417001366615295410e-01
9.148515760898590088e-02
6.484145522117614746e-01
1.053232312202453613e+00
1.154303431510925293e+00
9.818892478942871094e-01
6.741225719451904297e-01
3.864254355430603027e-01
2.135277390480041504e-01
1.445105671882629395e-01
1.182932704687118530e-01
1.039653122425079346e-01
9.811028093099594116e-02
5.993922948837280273e-01
6.031977534294128418e-01
6.735156774520874023e-01
9.384618997573852539e-01
1.259907722473144531e+00
1.466285824775695801e+00
1.529368519783020020e+00
1.473735451698303223e+00
1.267444968223571777e+00
9.574443101882934570e-01
7.024013996124267578e-01
5.340074896812438965e-01
3.718457818031311035e-01
2.173679769039154053e-01
1.220070943236351013e-01
1.450176477432250977e+00
1.768349766731262207e+00
1.949044704437255859e+00
2.070456027984619141e+00
2.083808898925781250e+00
2.044950962066650391e+00
2.114752292633056641e+00
2.255105495452880859e+00
2.158525705337524414e+00
1.731796860694885254e+00
1.267140388488769531e+00
9.155432581901550293e-01
5.948076844215393066e-01
3.119628131389617920e-01
1.424554437398910522e-01
4.171252548694610596e-01
1.175098776817321777e+00
1.897871375083923340e+00
2.211309671401977539e+00
2.258075237274169922e+00
2.464756250381469727e+00
3.003416776657104492e+00
3.490700483322143555e+00
3.305035829544067383e+00
2.376882791519165039e+00
1.326697230339050293e+00
6.317550539970397949e-01
2.890325486660003662e-01
1.507200151681900024e-01
1.103855073451995850e-01
2.694556415081024170e-01
4.958983361721038818e-01
6.027492284774780273e-01
6.490696072578430176e-01
9.375686049461364746e-01
1.540817618370056152e+00
2.197651386260986328e+00
2.525614023208618164e+00
2.260372638702392578e+00
1.533525943756103516e+00
8.019858598709106445e-01
3.544735610485076904e-01
1.617636680603027344e-01
1.051067113876342773e-01
1.004509702324867249e-01
4.603143334388732910e-01
-1.377474069595336914e-01
-1.004650115966796875e+00
-1.369809269905090332e+00
-7.879214286804199219e-01
2.359778583049774170e-01
8.840197324752807617e-01
8.920703530311584473e-01
5.557575821876525879e-01
2.538161277770996094e-01
1.249854713678359985e-01
1.073478907346725464e-01
1.102396994829177856e-01
1.049709394574165344e-01
9.934703260660171509e-02
1.783348917961120605e-01
3.981973975896835327e-02
-1.572479903697967529e-01
-2.335976362228393555e-01
-9.093291312456130981e-02
1.433078348636627197e-01
2.771754264831542969e-01
2.610825598239898682e-01
1.759023368358612061e-01
1.103725358843803406e-01
8.921516686677932739e-02
9.320208430290222168e-02
1.000529974699020386e-01
1.014954373240470886e-01
9.984824806451797485e-02
8.127586543560028076e-02
1.159515976905822754e-01
1.645184457302093506e-01
1.909444034099578857e-01
1.758138239383697510e-01
1.363651454448699951e-01
1.047812849283218384e-01
9.577357023954391479e-02
9.984005242586135864e-02
1.021938174962997437e-01
9.973993897438049316e-02
9.770965576171875000e-02
9.875617176294326782e-02
1.001450940966606140e-01
1.000360175967216492e-01
1.000007390975952148e-01
1.000538244843482971e-01
1.000715494155883789e-01
1.000417321920394897e-01
1.000121235847473145e-01
9.999693185091018677e-02
9.999764710664749146e-02
1.000119522213935852e-01
9.999176114797592163e-02
9.994634240865707397e-02
9.995827078819274902e-02
1.000045239925384521e-01
1.000085547566413879e-01
9.999469667673110962e-02
1.000007912516593933e-01
1.000008285045623779e-01
1.000008657574653625e-01
1.000008210539817810e-01
1.000008285045623779e-01
1.000008434057235718e-01
1.000008359551429749e-01
1.000008285045623779e-01
1.000008434057235718e-01
1.000008359551429749e-01
1.000008285045623779e-01
1.000008434057235718e-01
1.000008359551429749e-01
1.000008285045623779e-01
1.000008657574653625e-01
1.000008285045623779e-01
9.995002299547195435e-02
9.999261796474456787e-02
1.000885441899299622e-01
1.001201197504997253e-01
9.998194128274917603e-02
9.977865219116210938e-02
9.970997273921966553e-02
9.981907904148101807e-02
9.996081888675689697e-02
1.000159159302711487e-01
1.000146791338920593e-01
1.000113338232040405e-01
1.000092625617980957e-01
1.000043451786041260e-01
1.000006049871444702e-01
1.002379283308982849e-01
1.000533476471900940e-01
9.962311387062072754e-02
9.948334097862243652e-02
1.000876873731613159e-01
1.009220629930496216e-01
1.011509150266647339e-01
1.006945520639419556e-01
1.001525521278381348e-01
9.994038194417953491e-02
9.992887079715728760e-02
9.993647783994674683e-02
9.995874762535095215e-02
9.998924285173416138e-02
1.000015884637832642e-01
1.014769151806831360e-01
1.006558910012245178e-01
9.905523806810379028e-02
9.821952879428863525e-02
9.919254481792449951e-02
1.009081602096557617e-01
1.016044467687606812e-01
1.009793505072593689e-01
1.001247465610504150e-01
9.984824806451797485e-02
9.990353137254714966e-02
9.992590546607971191e-02
9.992963075637817383e-02
9.996619820594787598e-02
1.000019460916519165e-01
1.020373553037643433e-01
1.005363464355468750e-01
1.037828028202056885e-01
1.034981533885002136e-01
8.787973225116729736e-02
6.777605414390563965e-02
6.389845162630081177e-02
7.838551700115203857e-02
9.474655240774154663e-02
1.013404801487922668e-01
1.020015552639961243e-01
1.018690839409828186e-01
1.010870188474655151e-01
1.001779288053512573e-01
9.997902065515518188e-02
-4.967525601387023926e-04
-4.828397184610366821e-02
-3.713045269250869751e-02
3.881827741861343384e-02
1.248177364468574524e-01
1.718862950801849365e-01
1.756511032581329346e-01
1.565459221601486206e-01
1.287810653448104858e-01
1.029946357011795044e-01
9.170033782720565796e-02
9.347239136695861816e-02
9.708291292190551758e-02
9.888487309217453003e-02
1.001488566398620605e-01
-3.390818834304809570e-01
-5.532150864601135254e-01
-5.357037782669067383e-01
-1.983586251735687256e-01
2.877012193202972412e-01
6.346949934959411621e-01
6.905392408370971680e-01
5.246384143829345703e-01
2.977915108203887939e-01
1.329057514667510986e-01
6.858021020889282227e-02
6.973775476217269897e-02
8.516389131546020508e-02
9.519831836223602295e-02
1.004314273595809937e-01
2.280989885330200195e-01
5.801533907651901245e-02
-4.032645374536514282e-02
3.981602936983108521e-02
2.011242806911468506e-01
3.878682553768157959e-01
5.847825407981872559e-01
7.038751840591430664e-01
6.651042103767395020e-01
5.081291794776916504e-01
3.492164015769958496e-01
2.417657077312469482e-01
1.678136587142944336e-01
1.177804246544837952e-01
9.499555826187133789e-02
8.013178110122680664e-01
7.752804756164550781e-01
6.386405229568481445e-01
4.456975758075714111e-01
2.194800078868865967e-01
2.485992610454559326e-01
6.753858327865600586e-01
1.153907179832458496e+00
1.284189820289611816e+00
1.043109059333801270e+00
6.946059465408325195e-01
4.234249293804168701e-01
2.432203590869903564e-01
1.355320811271667480e-01
9.035588055849075317e-02
4.041223227977752686e-01
7.813358902931213379e-01
1.064285635948181152e+00
9.957963228225708008e-01
7.722991704940795898e-01
1.004468083381652832e+00
1.784705042839050293e+00
2.394729375839233398e+00
2.262993335723876953e+00
1.553121447563171387e+00
8.100879192352294922e-01
3.509373068809509277e-01
1.525066941976547241e-01
9.745531529188156128e-02
9.770494699478149414e-02
1.661850810050964355e-01
2.032456099987030029e-01
1.376381367444992065e-01
-3.356615453958511353e-02
-6.953627616167068481e-02
3.391797244548797607e-01
1.063006639480590820e+00
1.537672162055969238e+00
1.438136577606201172e+00
9.605352282524108887e-01
4.931050240993499756e-01
2.246910631656646729e-01
1.186145469546318054e-01
9.473995864391326904e-02
9.994506090879440308e-02
1.378393173217773438e-02
-5.210811495780944824e-01
-1.180149674415588379e+00
-1.534075736999511719e+00
-1.341333270072937012e+00
-7.798877954483032227e-01
-2.425663173198699951e-01
2.420601993799209595e-02
6.126023083925247192e-02
4.053565487265586853e-02
5.694595724344253540e-02
9.312847256660461426e-02
1.086142212152481079e-01
1.048703789710998535e-01
1.001527383923530579e-01
7.925762981176376343e-02
-4.417169839143753052e-02
-1.940313875675201416e-01
-2.732973694801330566e-01
-2.322828471660614014e-01
-1.152930185198783875e-01
-6.925053894519805908e-03
4.716705158352851868e-02
6.088781356811523438e-02
6.836386024951934814e-02
8.295881003141403198e-02
9.678598493337631226e-02
1.018716618418693542e-01
1.011216267943382263e-01
1.000352650880813599e-01
1.049677282571792603e-01
1.326391994953155518e-01
1.662201285362243652e-01
1.822631061077117920e-01
1.687168180942535400e-01
1.386137306690216064e-01
1.141005903482437134e-01
1.047714725136756897e-01
1.052510142326354980e-01
1.064186692237854004e-01
1.046697869896888733e-01
1.016789972782135010e-01
9.986602514982223511e-02
9.962937235832214355e-02
9.999283403158187866e-02
1.000007763504981995e-01
9.998828917741775513e-02
9.998427331447601318e-02
9.999150037765502930e-02
9.999831765890121460e-02
1.000016629695892334e-01
1.000015363097190857e-01
9.999825060367584229e-02
1.000030040740966797e-01
1.000136956572532654e-01
1.000108867883682251e-01
9.999994933605194092e-02
9.999898821115493774e-02
1.000023260712623596e-01
1.000008359551429749e-01
1.000008583068847656e-01
1.000008955597877502e-01
1.000008583068847656e-01
1.000008657574653625e-01
1.000008732080459595e-01
1.000008657574653625e-01
1.000008657574653625e-01
1.000008732080459595e-01
1.000008657574653625e-01
1.000008657574653625e-01
1.000008732080459595e-01
1.000008657574653625e-01
1.000008583068847656e-01
1.000008955597877502e-01
1.000008583068847656e-01
9.999978542327880859e-02
9.998176246881484985e-02
9.995279461145401001e-02
9.992332756519317627e-02
9.990669041872024536e-02
9.991192817687988281e-02
9.993600845336914062e-02
9.996538609266281128e-02
9.998773783445358276e-02
9.999909996986389160e-02
1.000022515654563904e-01
1.000018194317817688e-01
1.000009998679161072e-01
1.000007912516593933e-01
1.000008285045623779e-01
1.000052541494369507e-01
1.000818833708763123e-01
1.002045273780822754e-01
1.003295853734016418e-01
1.004001870751380920e-01
1.003779098391532898e-01
1.002757549285888672e-01
1.001512184739112854e-01
1.000563874840736389e-01
1.000081524252891541e-01
9.999485313892364502e-02
9.999666363000869751e-02
1.000000759959220886e-01
1.000011488795280457e-01
1.000008210539817810e-01
1.000070199370384216e-01
1.001136228442192078e-01
1.002841964364051819e-01
1.004580780863761902e-01
1.005562916398048401e-01
1.005253493785858154e-01
1.003832742571830750e-01
1.002100110054016113e-01
1.000781208276748657e-01
1.000110730528831482e-01
9.999257326126098633e-02
9.999506175518035889e-02
9.999982267618179321e-02
1.000013202428817749e-01
1.000008508563041687e-01
9.986853599548339844e-02
9.758333861827850342e-02
9.392259269952774048e-02
9.019121527671813965e-02
8.808489143848419189e-02
8.874958753585815430e-02
9.179760515689849854e-02
9.551360458135604858e-02
9.834283590316772461e-02
9.978231787681579590e-02
1.001792773604393005e-01
1.001248359680175781e-01
1.000227853655815125e-01
9.999211877584457397e-02
1.000008136034011841e-01
1.004143655300140381e-01
1.075567975640296936e-01
1.189993694424629211e-01
1.306634396314620972e-01
1.372470259666442871e-01
1.351685076951980591e-01
1.256413012742996216e-01
1.140269860625267029e-01
1.051836684346199036e-01
1.006835401058197021e-01
9.944292157888412476e-02
9.961353987455368042e-02
9.993220120668411255e-02
1.000278890132904053e-01
1.000008657574653625e-01
1.014166176319122314e-01
1.257962882518768311e-01
1.648640930652618408e-01
2.046965062618255615e-01
2.271821498870849609e-01
2.200863510370254517e-01
1.875535547733306885e-01
1.478933244943618774e-01
1.176965981721878052e-01
1.023319661617279053e-01
9.809620678424835205e-02
9.867819398641586304e-02
9.976642578840255737e-02
1.000933721661567688e-01
1.000009030103683472e-01
8.423295617103576660e-02
-2.157940268516540527e-01
-6.980414390563964844e-01
-1.190777063369750977e+00
-1.469507336616516113e+00
-1.382326602935791016e+00
-9.804788827896118164e-01
-4.906833469867706299e-01
-1.180729642510414124e-01
7.129999995231628418e-02
1.234236508607864380e-01
1.162460744380950928e-01
1.028751954436302185e-01
9.886787831783294678e-02
1.000008359551429749e-01
1.339127421379089355e-01
-4.519251883029937744e-01
-1.467650771141052246e+00
-2.559708833694458008e+00
-3.203878879547119141e+00
-3.037258148193359375e+00
-2.174841880798339844e+00
-1.127849817276000977e+00
-3.450523316860198975e-01
4.274845868349075317e-02
1.455189287662506104e-01
1.306491941213607788e-01
1.052430644631385803e-01
9.800515323877334595e-02
1.000009551644325256e-01
4.598572254180908203e-01
2.719616889953613281e-01
-4.535880982875823975e-01
-1.504955649375915527e+00
-2.250537395477294922e+00
-2.216408967971801758e+00
-1.520231366157531738e+00
-6.956416368484497070e-01
-1.466091871261596680e-01
7.508686184883117676e-02
1.134451702237129211e-01
1.040572300553321838e-01
9.968475997447967529e-02
1.005290001630783081e-01
1.000013351440429688e-01
3.468309640884399414e-01
3.099326193332672119e-01
-4.109673947095870972e-02
-6.122082471847534180e-01
-1.035748124122619629e+00
-1.035663604736328125e+00
-6.807561516761779785e-01
-2.664117515087127686e-01
-4.020646214485168457e-03
9.130527079105377197e-02
1.024805903434753418e-01
9.810987114906311035e-02
9.894330799579620361e-02
1.007027998566627502e-01
1.000011563301086426e-01
9.111634641885757446e-02
1.025370806455612183e-01
1.163481250405311584e-01
1.296377182006835938e-01
1.433499455451965332e-01
1.477112025022506714e-01
1.356265544891357422e-01
1.166711300611495972e-01
1.039014235138893127e-01
1.001381278038024902e-01
1.001062244176864624e-01
1.000578552484512329e-01
9.997511655092239380e-02
1.000318005681037903e-01
1.000008806586265564e-01
9.301696717739105225e-02
9.628856182098388672e-02
1.063620597124099731e-01
1.207290738821029663e-01
1.322857141494750977e-01
1.333011835813522339e-01
1.235238164663314819e-01
1.110080108046531677e-01
1.029231324791908264e-01
1.001994311809539795e-01
9.998103231191635132e-02
1.000558286905288696e-01
1.000168770551681519e-01
9.999356418848037720e-02
1.000008210539817810e-01
1.016487926244735718e-01
1.008919924497604370e-01
9.851717203855514526e-02
9.511674940586090088e-02
9.238752722740173340e-02
9.215397387742996216e-02
9.446179121732711792e-02
9.740894287824630737e-02
9.931168705224990845e-02
9.995379298925399780e-02
1.000057831406593323e-01
9.998778998851776123e-02
9.999693185091018677e-02
1.000026911497116089e-01
1.000008285045623779e-01
1.000008806586265564e-01
1.000009179115295410e-01
1.000008434057235718e-01
1.000008210539817810e-01
1.000008359551429749e-01
1.000008508563041687e-01
1.000008806586265564e-01
1.000008806586265564e-01
1.000008583068847656e-01
1.000008583068847656e-01
1.000008732080459595e-01
1.000008657574653625e-01
1.000008583068847656e-01
1.000008955597877502e-01
1.000008583068847656e-01
