1.000000387430191040e-01
1.000000610947608948e-01
1.000000685453414917e-01
1.000000536441802979e-01
1.000000312924385071e-01
1.000000163912773132e-01
1.000000089406967163e-01
1.000000089406967163e-01
1.000000089406967163e-01
1.000000089406967163e-01
1.000000014901161194e-01
1.000000014901161194e-01
1.000000014901161194e-01
1.000000014901161194e-01
1.000000014901161194e-01
1.000018864870071411e-01
1.000026240944862366e-01
1.000023707747459412e-01
1.000011265277862549e-01
9.999997913837432861e-02
9.999997913837432861e-02
1.000008657574653625e-01
1.000014916062355042e-01
1.000013425946235657e-01
1.000007987022399902e-01
1.000003367662429810e-01
1.000001057982444763e-01
1.000000238418579102e-01
1.000000089406967163e-01
1.000000014901161194e-01
1.000413373112678528e-01
1.000537574291229248e-01
1.000406816601753235e-01
1.000061854720115662e-01
9.998083114624023438e-02
9.998939931392669678e-02
1.000205203890800476e-01
1.000408381223678589e-01
1.000373438000679016e-01
1.000222563743591309e-01
1.000093966722488403e-01
1.000029072165489197e-01
1.000006720423698425e-01
1.000001206994056702e-01
1.000000163912773132e-01
9.987149387598037720e-02
9.962400048971176147e-02
9.924147278070449829e-02
9.892909973859786987e-02
9.896330535411834717e-02
9.938779473304748535e-02
9.992677718400955200e-02
1.002469509840011597e-01
1.002784073352813721e-01
1.001736149191856384e-01
1.000741496682167053e-01
1.000230163335800171e-01
1.000053733587265015e-01
1.000009626150131226e-01
1.000001356005668640e-01
9.501652419567108154e-02
9.058428555727005005e-02
8.604796975851058960e-02
8.408431708812713623e-02
8.658318221569061279e-02
9.239019453525543213e-02
9.816239774227142334e-02
1.013126447796821594e-01
1.018199548125267029e-01
1.011803597211837769e-01
1.005294695496559143e-01
1.001831218600273132e-01
1.000526919960975647e-01
1.000132486224174500e-01
1.000029295682907104e-01
2.644228190183639526e-02
-1.940630376338958740e-02
-4.990462213754653931e-02
-4.369149357080459595e-02
-7.206276059150695801e-04
5.299926549196243286e-02
9.020970016717910767e-02
1.045656949281692505e-01
1.056677401065826416e-01
1.037391796708106995e-01
1.023327112197875977e-01
1.013723388314247131e-01
1.006683930754661560e-01
1.002527847886085510e-01
1.000728160142898560e-01
-1.507048606872558594e-01
-3.097007274627685547e-01
-4.037194550037384033e-01
-3.459711074829101562e-01
-1.475197076797485352e-01
6.267675012350082397e-02
1.688342094421386719e-01
1.713532209396362305e-01
1.374956071376800537e-01
1.153726950287818909e-01
1.086122840642929077e-01
1.060644537210464478e-01
1.035130918025970459e-01
1.014955937862396240e-01
1.004683300852775574e-01
6.718636155128479004e-01
8.819617629051208496e-01
1.060465693473815918e+00
1.338609695434570312e+00
1.708167433738708496e+00
1.849005222320556641e+00
1.528954148292541504e+00
9.357159733772277832e-01
4.294059276580810547e-01
1.829518079757690430e-01
1.210102364420890808e-01
1.160334348678588867e-01
1.127605363726615906e-01
1.066472679376602173e-01
1.023739948868751526e-01
1.166214942932128906e+00
1.616346359252929688e+00
2.067367076873779297e+00
2.690820693969726562e+00
3.378355741500854492e+00
3.549010276794433594e+00
2.858757734298706055e+00
1.706042885780334473e+00
7.458113431930541992e-01
2.724855244159698486e-01
1.436104774475097656e-01
1.279920339584350586e-01
1.213814020156860352e-01
1.111598312854766846e-01
1.040209382772445679e-01
-9.378161430358886719e-01
-1.349168181419372559e+00
-1.080449938774108887e+00
-5.471482872962951660e-04
1.291127681732177734e+00
1.993612289428710938e+00
1.848799109458923340e+00
1.248065471649169922e+00
6.752490401268005371e-01
3.327801823616027832e-01
1.841085255146026611e-01
1.314695775508880615e-01
1.128377318382263184e-01
1.049955114722251892e-01
1.016273498535156250e-01
-8.604741096496582031e-01
-1.253028154373168945e+00
-1.141504049301147461e+00
-4.500138461589813232e-01
3.989543616771697998e-01
9.042915701866149902e-01
9.243311285972595215e-01
6.785575151443481445e-01
4.170812666416168213e-01
2.432273030281066895e-01
1.549743562936782837e-01
1.187355443835258484e-01
1.060386970639228821e-01
1.018899902701377869e-01
1.005531102418899536e-01
-2.336412668228149414e-02
-8.884058147668838501e-02
-1.086525246500968933e-01
-6.232040375471115112e-02
2.072799950838088989e-02
9.171283245086669922e-02
1.250772178173065186e-01
1.283542513847351074e-01
1.195545047521591187e-01
1.102559491991996765e-01
1.043437793850898743e-01
1.015686988830566406e-01
1.005196645855903625e-01
1.001645177602767944e-01
1.000486388802528381e-01
8.875352144241333008e-02
7.961060106754302979e-02
7.071167230606079102e-02
6.623553484678268433e-02
6.862828880548477173e-02
7.651471346616744995e-02
8.592045307159423828e-02
9.330003708600997925e-02
9.749393165111541748e-02
9.927409887313842773e-02
9.983952343463897705e-02
9.997414797544479370e-02
9.999811649322509766e-02
1.000007912516593933e-01
1.000005230307579041e-01
9.955987334251403809e-02
9.917234629392623901e-02
9.876434504985809326e-02
9.852370619773864746e-02
9.858602285385131836e-02
9.891196340322494507e-02
9.932713210582733154e-02
9.966465830802917480e-02
9.986400604248046875e-02
9.995444864034652710e-02
9.998707473278045654e-02
9.999680519104003906e-02
9.999930858612060547e-02
9.999987483024597168e-02
9.999998658895492554e-02
9.999112039804458618e-02
9.998212009668350220e-02
9.997190535068511963e-02
9.996541589498519897e-02
9.996646642684936523e-02
9.997398406267166138e-02
9.998347610235214233e-02
9.999115765094757080e-02
9.999588131904602051e-02
9.999830275774002075e-02
9.999939054250717163e-02
9.999981522560119629e-02
9.999995678663253784e-02
9.999999403953552246e-02
1.000000014901161194e-01
1.000003367662429810e-01
1.000005006790161133e-01
1.000005230307579041e-01
1.000003516674041748e-01
1.000001057982444763e-01
9.999997913837432861e-02
1.000000089406967163e-01
1.000000759959220886e-01
1.000000908970832825e-01
1.000000610947608948e-01
1.000000312924385071e-01
1.000000089406967163e-01
1.000000014901161194e-01
1.000000014901161194e-01
1.000000014901161194e-01
1.000110059976577759e-01
1.000097692012786865e-01
9.999689459800720215e-02
9.997791796922683716e-02
9.996894747018814087e-02
9.997974336147308350e-02
1.000013202428817749e-01
1.000156477093696594e-01
1.000163778662681580e-01
1.000101640820503235e-01
1.000043600797653198e-01
1.000013574957847595e-01
1.000003144145011902e-01
1.000000536441802979e-01
1.000000089406967163e-01
1.002078056335449219e-01
1.001085713505744934e-01
9.971225261688232422e-02
9.920319169759750366e-02
9.902161359786987305e-02
9.939441084861755371e-02
1.000358536839485168e-01
1.004442349076271057e-01
1.004609689116477966e-01
1.002840772271156311e-01
1.001211702823638916e-01
1.000375226140022278e-01
1.000086814165115356e-01
1.000015139579772949e-01
1.000002026557922363e-01
9.885837137699127197e-02
9.636387974023818970e-02
9.233669936656951904e-02
8.897295594215393066e-02
8.939664810895919800e-02
9.419402480125427246e-02
1.002356559038162231e-01
1.036473214626312256e-01
1.036763340234756470e-01
1.022039428353309631e-01
1.009155064821243286e-01
1.002755239605903625e-01
1.000616475939750671e-01
1.000103652477264404e-01
1.000013127923011780e-01
7.781247794628143311e-02
5.554315075278282166e-02
3.013009577989578247e-02
1.770605891942977905e-02
3.359239548444747925e-02
7.371287047863006592e-02
1.141858547925949097e-01
1.326612085103988647e-01
1.286169886589050293e-01
1.163815185427665710e-01
1.067901253700256348e-01
1.021355986595153809e-01
1.005358397960662842e-01
1.001133620738983154e-01
1.000212952494621277e-01
1.510898023843765259e-02
5.267237126827239990e-02
1.864536106586456299e-01
3.835054636001586914e-01
5.526296496391296387e-01
6.138589382171630859e-01
5.540778636932373047e-01
4.245600700378417969e-01
2.926500439643859863e-01
1.981365978717803955e-01
1.443571150302886963e-01
1.180076748132705688e-01
1.064722985029220581e-01
1.019985601305961609e-01
1.005146950483322144e-01
-6.751313060522079468e-02
2.468103766441345215e-01
9.989309310913085938e-01
1.955824375152587891e+00
2.620408773422241211e+00
2.656521320343017578e+00
2.142317295074462891e+00
1.437012672424316406e+00
8.513590097427368164e-01
4.855650663375854492e-01
2.894188165664672852e-01
1.875835657119750977e-01
1.359624862670898438e-01
1.124643087387084961e-01
1.035478860139846802e-01
1.094398140907287598e+00
1.377794861793518066e+00
1.691287040710449219e+00
2.091830968856811523e+00
2.396504402160644531e+00
2.420648574829101562e+00
2.129184484481811523e+00
1.638807654380798340e+00
1.161573410034179688e+00
8.258551359176635742e-01
5.924959778785705566e-01
4.009419679641723633e-01
2.529245316982269287e-01
1.622781306505203247e-01
1.201931089162826538e-01
1.817766308784484863e+00
2.004200935363769531e+00
2.025094985961914062e+00
2.105912685394287109e+00
2.172729730606079102e+00
2.185523271560668945e+00
2.118420839309692383e+00
1.884193301200866699e+00
1.540034174919128418e+00
1.209217667579650879e+00
8.995020389556884766e-01
6.006041765213012695e-01
3.576723039150238037e-01
2.060900926589965820e-01
1.348107457160949707e-01
-9.950163364410400391e-01
-1.035012006759643555e+00
8.065625280141830444e-02
1.768949031829833984e+00
2.705290794372558594e+00
2.683247089385986328e+00
2.367043972015380859e+00
2.080035686492919922e+00
1.716693282127380371e+00
1.219183325767517090e+00
7.373105883598327637e-01
4.066100716590881348e-01
2.284706830978393555e-01
1.470868140459060669e-01
1.149356141686439514e-01
-1.071723818778991699e+00
-1.205381393432617188e+00
-4.643158018589019775e-01
7.173820734024047852e-01
1.400367617607116699e+00
1.438130021095275879e+00
1.296665668487548828e+00
1.193969488143920898e+00
1.026329636573791504e+00
7.344192266464233398e-01
4.373703896999359131e-01
2.443990111351013184e-01
1.529652476310729980e-01
1.175791621208190918e-01
1.053997129201889038e-01
-1.829978227615356445e-01
-3.631094098091125488e-01
-4.888134896755218506e-01
-5.193880200386047363e-01
-4.664907753467559814e-01
-3.388394713401794434e-01
-1.625993847846984863e-01
-2.535216510295867920e-03
9.154031425714492798e-02
1.208246946334838867e-01
1.177526339888572693e-01
1.091285645961761475e-01
1.037395521998405457e-01
1.013553962111473083e-01
1.004477068781852722e-01
4.630084335803985596e-02
-4.310123622417449951e-03
-6.170774251222610474e-02
-1.019351258873939514e-01
-1.036786511540412903e-01
-6.610778719186782837e-02
-9.669825434684753418e-03
4.066222906112670898e-02
7.302943617105484009e-02
8.945992588996887207e-02
9.641999006271362305e-02
9.895385056734085083e-02
9.974772483110427856e-02
9.995475411415100098e-02
9.999608248472213745e-02
9.762285649776458740e-02
9.548419713973999023e-02
9.326884150505065918e-02
9.204506129026412964e-02
9.248105436563491821e-02
9.420738369226455688e-02
9.625471383333206177e-02
9.788951277732849121e-02
9.892729669809341431e-02
9.950896352529525757e-02
9.980498999357223511e-02
9.993528574705123901e-02
9.998254477977752686e-02
9.999628365039825439e-02
9.999941289424896240e-02
9.994019567966461182e-02
9.990070015192031860e-02
9.988548606634140015e-02
9.991768747568130493e-02
9.998118877410888672e-02
1.000270023941993713e-01
1.000288426876068115e-01
1.000074744224548340e-01
9.999163448810577393e-02
9.998928010463714600e-02
9.999349713325500488e-02
9.999737143516540527e-02
9.999921917915344238e-02
9.999983012676239014e-02
9.999997168779373169e-02
1.000012308359146118e-01
1.000011563301086426e-01
9.999976307153701782e-02
9.999746829271316528e-02
9.999591112136840820e-02
9.999638050794601440e-02
9.999835491180419922e-02
1.000000983476638794e-01
1.000007241964340210e-01
1.000005826354026794e-01
1.000002771615982056e-01
1.000000908970832825e-01
1.000000238418579102e-01
1.000000089406967163e-01
1.000000014901161194e-01
9.987314045429229736e-02
9.966818988323211670e-02
9.936661273241043091e-02
9.912250936031341553e-02
9.913577139377593994e-02
9.943822771310806274e-02
9.983613342046737671e-02
1.000924631953239441e-01
1.001482680439949036e-01
1.001000180840492249e-01
1.000440791249275208e-01
1.000138521194458008e-01
1.000032350420951843e-01
1.000005677342414856e-01
1.000000759959220886e-01
9.626396000385284424e-02
9.062200784683227539e-02
8.255601674318313599e-02
7.627230882644653320e-02
7.702930271625518799e-02
8.545924723148345947e-02
9.620987623929977417e-02
1.029503941535949707e-01
1.042424961924552917e-01
1.027932241559028625e-01
1.012154221534729004e-01
1.003782749176025391e-01
1.000873297452926636e-01
1.000151634216308594e-01
1.000019833445549011e-01
9.431216120719909668e-02
7.974717020988464355e-02
5.416057258844375610e-02
3.217307478189468384e-02
3.715199232101440430e-02
7.470104098320007324e-02
1.204566359519958496e-01
1.429800987243652344e-01
1.373998820781707764e-01
1.210514679551124573e-01
1.083337441086769104e-01
1.023733243346214294e-01
1.004911661148071289e-01
1.000729128718376160e-01
1.000073403120040894e-01
1.770287156105041504e-01
2.303033471107482910e-01
2.544459402561187744e-01
2.519867122173309326e-01
2.831241488456726074e-01
3.859136402606964111e-01
4.902388453483581543e-01
4.838109314441680908e-01
3.675910234451293945e-01
2.349966466426849365e-01
1.494600474834442139e-01
1.130374073982238770e-01
1.024577170610427856e-01
1.003317683935165405e-01
1.000370383262634277e-01
2.109629511833190918e-01
4.554181993007659912e-01
8.023393750190734863e-01
1.120225191116333008e+00
1.300966620445251465e+00
1.339792132377624512e+00
1.243051409721374512e+00
9.955242872238159180e-01
6.663906574249267578e-01
3.825717866420745850e-01
2.108777165412902832e-01
1.356180608272552490e-01
1.105232387781143188e-01
1.032746359705924988e-01
1.010797843337059021e-01
1.823209822177886963e-01
9.207049608230590820e-01
2.260922908782958984e+00
3.641917467117309570e+00
4.262085437774658203e+00
3.881880998611450195e+00
2.912230253219604492e+00
1.902713179588317871e+00
1.136632323265075684e+00
6.410498023033142090e-01
3.601275384426116943e-01
2.217571735382080078e-01
1.575969755649566650e-01
1.262831389904022217e-01
1.106916964054107666e-01
1.295413970947265625e+00
1.788993954658508301e+00
2.347129106521606445e+00
2.835783004760742188e+00
2.944623947143554688e+00
2.671802997589111328e+00
2.271790981292724609e+00
1.899451971054077148e+00
1.548000812530517578e+00
1.202283978462219238e+00
9.032565951347351074e-01
6.633959412574768066e-01
4.598390161991119385e-01
2.959022819995880127e-01
1.876617968082427979e-01
2.050594806671142578e+00
2.268095493316650391e+00
2.181658267974853516e+00
1.984805226325988770e+00
1.704675197601318359e+00
1.561107754707336426e+00
1.733895301818847656e+00
2.017718076705932617e+00
2.081532716751098633e+00
1.844026923179626465e+00
1.471141934394836426e+00
1.094983577728271484e+00
7.439683675765991211e-01
4.528321325778961182e-01
2.586456239223480225e-01
-4.637956917285919189e-01
-2.267498075962066650e-01
9.679962396621704102e-01
2.502201080322265625e+00
3.178226470947265625e+00
2.897171974182128906e+00
2.462804555892944336e+00
2.306193351745605469e+00
2.161929368972778320e+00
1.745684981346130371e+00
1.201839685440063477e+00
7.596246600151062012e-01
4.672874808311462402e-01
2.864107489585876465e-01
1.820728033781051636e-01
-7.603810429573059082e-01
-6.187406182289123535e-01
4.402684569358825684e-01
1.888894915580749512e+00
2.635195493698120117e+00
2.402703523635864258e+00
1.800373911857604980e+00
1.382274031639099121e+00
1.149367570877075195e+00
8.961746096611022949e-01
6.161754131317138672e-01
3.964224755764007568e-01
2.583408355712890625e-01
1.786834895610809326e-01
1.346652805805206299e-01
-2.558376491069793701e-01
-2.490943074226379395e-01
1.844726204872131348e-01
9.197810292243957520e-01
1.423815965652465820e+00
1.302445530891418457e+00
6.998947858810424805e-01
1.062254160642623901e-01
-1.626126766204833984e-01
-1.431276202201843262e-01
-2.709855884313583374e-02
5.815814435482025146e-02
9.383068978786468506e-02
1.024220138788223267e-01
1.023235693573951721e-01
1.854141801595687866e-02
2.460478246212005615e-02
1.429289728403091431e-01
3.461375534534454346e-01
4.916532635688781738e-01
4.583557248115539551e-01
2.755379676818847656e-01
8.811012655496597290e-02
2.522394061088562012e-04
7.213279604911804199e-03
4.812414571642875671e-02
7.950187474489212036e-02
9.395892918109893799e-02
9.866975247859954834e-02
9.979644417762756348e-02
9.862277656793594360e-02
1.058038994669914246e-01
1.251606792211532593e-01
1.520991474390029907e-01
1.705199778079986572e-01
1.664841175079345703e-01
1.431174278259277344e-01
1.174374073743820190e-01
1.020020619034767151e-01
9.728884696960449219e-02
9.774634987115859985e-02
9.899287670850753784e-02
9.968576580286026001e-02
9.992715716361999512e-02
9.998740255832672119e-02
1.001840606331825256e-01
1.010284200310707092e-01
1.028630584478378296e-01
1.052479222416877747e-01
1.068484857678413391e-01
1.065028011798858643e-01
1.044652163982391357e-01
1.021687537431716919e-01
1.006808057427406311e-01
1.000787541270256042e-01
9.995501488447189331e-02
9.996852278709411621e-02
9.998892992734909058e-02
9.999731928110122681e-02
9.999951720237731934e-02
1.000030040740966797e-01
1.000017300248146057e-01
9.999594837427139282e-02
9.998756647109985352e-02
9.998252987861633301e-02
9.998502582311630249e-02
9.999274462461471558e-02
9.999945759773254395e-02
1.000020653009414673e-01
1.000018194317817688e-01
1.000008881092071533e-01
1.000002995133399963e-01
1.000000759959220886e-01
1.000000163912773132e-01
1.000000014901161194e-01
9.941756725311279297e-02
9.858017414808273315e-02
9.739583730697631836e-02
9.646081924438476562e-02
9.651574492454528809e-02
9.765852242708206177e-02
9.916420280933380127e-02
1.001646444201469421e-01
1.004359573125839233e-01
1.003136783838272095e-01
1.001413166522979736e-01
1.000448465347290039e-01
1.000105068087577820e-01
1.000018492341041565e-01
1.000002473592758179e-01
8.331397920846939087e-02
6.055220589041709900e-02
2.915191650390625000e-02
5.189672112464904785e-03
7.988892495632171631e-03
3.941210359334945679e-02
7.969276607036590576e-02
1.058587729930877686e-01
1.124232411384582520e-01
1.086840182542800903e-01
1.038593202829360962e-01
1.012120470404624939e-01
1.002808511257171631e-01
1.000487729907035828e-01
1.000063568353652954e-01
6.360091269016265869e-02
1.057012379169464111e-02
-7.217929512262344360e-02
-1.389853656291961670e-01
-1.204780712723731995e-01
-2.127498388290405273e-03
1.413943469524383545e-01
2.153527438640594482e-01
2.043558061122894287e-01
1.593907475471496582e-01
1.234948635101318359e-01
1.066109091043472290e-01
1.013265177607536316e-01
1.001826003193855286e-01
1.000146791338920593e-01
3.219100832939147949e-01
5.891686677932739258e-01
8.499026894569396973e-01
1.006449818611145020e+00
1.107176542282104492e+00
1.248998522758483887e+00
1.341891050338745117e+00
1.185871839523315430e+00
8.124209642410278320e-01
4.444769322872161865e-01
2.202057242393493652e-01
1.290995180606842041e-01
1.045422926545143127e-01
1.003623232245445251e-01
1.000100746750831604e-01
5.097814202308654785e-01
1.169094562530517578e+00
1.978222727775573730e+00
2.541771650314331055e+00
2.660215377807617188e+00
2.532168865203857422e+00
2.303626060485839844e+00
1.857878208160400391e+00
1.220363020896911621e+00
6.369153857231140137e-01
2.844618856906890869e-01
1.459589004516601562e-01
1.116994023323059082e-01
1.054378822445869446e-01
1.029926985502243042e-01
4.950915575027465820e-01
1.661434650421142578e+00
3.458680152893066406e+00
4.835255622863769531e+00
4.769279003143310547e+00
3.594609737396240234e+00
2.358673095703125000e+00
1.548685193061828613e+00
1.015008091926574707e+00
5.808393955230712891e-01
3.029150664806365967e-01
2.043636739253997803e-01
1.808440983295440674e-01
1.583720147609710693e-01
1.319605559110641479e-01
9.676795601844787598e-01
1.867076992988586426e+00
2.972911357879638672e+00
3.679877042770385742e+00
3.466325759887695312e+00
2.629582643508911133e+00
1.948658108711242676e+00
1.745608448982238770e+00
1.641221642494201660e+00
1.354154944419860840e+00
1.113117337226867676e+00
1.014521479606628418e+00
8.673906326293945312e-01
6.158404350280761719e-01
3.682663440704345703e-01
1.455565810203552246e+00
2.066303253173828125e+00
2.398411750793457031e+00
2.412953376770019531e+00
2.204989910125732422e+00
1.898226380348205566e+00
1.824250221252441406e+00
2.168688297271728516e+00
2.432877540588378906e+00
2.256851196289062500e+00
2.003056764602661133e+00
1.842620253562927246e+00
1.535391211509704590e+00
1.050753355026245117e+00
5.912219882011413574e-01
9.343016147613525391e-01
1.372672438621520996e+00
1.623314738273620605e+00
1.941998481750488281e+00
2.450973987579345703e+00
2.535516738891601562e+00
2.084036350250244141e+00
1.852926373481750488e+00
1.969187378883361816e+00
1.957969784736633301e+00
1.712858676910400391e+00
1.374640941619873047e+00
1.007767081260681152e+00
6.558746099472045898e-01
3.798413574695587158e-01
4.339628517627716064e-01
9.967466592788696289e-01
2.028707027435302734e+00
3.429507732391357422e+00
4.480064392089843750e+00
4.182752132415771484e+00
2.684016942977905273e+00
1.303849816322326660e+00
7.483628392219543457e-01
7.021175026893615723e-01
7.209658026695251465e-01
6.458650231361389160e-01
5.016068220138549805e-01
3.478904664516448975e-01
2.257074415683746338e-01
-1.429312676191329956e-02
7.722433209419250488e-01
2.843354940414428711e+00
5.545978546142578125e+00
7.064207553863525391e+00
6.142526626586914062e+00
3.408748149871826172e+00
7.315039038658142090e-01
-6.430857181549072266e-01
-7.904835343360900879e-01
-4.322603046894073486e-01
-1.063826605677604675e-01
5.284618958830833435e-02
1.014819070696830750e-01
1.073682755231857300e-01
6.170262396335601807e-02
3.028892278671264648e-01
9.379101395606994629e-01
1.759503126144409180e+00
2.210325479507446289e+00
1.919916868209838867e+00
1.087497472763061523e+00
2.743034958839416504e-01
-1.455192863941192627e-01
-1.917127370834350586e-01
-8.122680336236953735e-02
2.170797437429428101e-02
7.476067543029785156e-02
9.385148435831069946e-02
9.891553968191146851e-02
1.026437506079673767e-01
1.300771832466125488e-01
1.917441785335540771e-01
2.669860720634460449e-01
3.055593073368072510e-01
2.747023403644561768e-01
1.953933238983154297e-01
1.216203719377517700e-01
8.522579073905944824e-02
8.057623356580734253e-02
8.810254931449890137e-02
9.500619024038314819e-02
9.842808544635772705e-02
9.961742907762527466e-02
9.992782771587371826e-02
1.004897803068161011e-01
1.027653962373733521e-01
1.074727475643157959e-01
1.130093485116958618e-01
1.157133877277374268e-01
1.132302135229110718e-01
1.072392910718917847e-01
1.018427982926368713e-01
9.926799684762954712e-02
9.891285747289657593e-02
9.934786707162857056e-02
9.973753988742828369e-02
9.992107003927230835e-02
9.998150169849395752e-02
9.999653697013854980e-02
9.999811649322509766e-02
9.999238699674606323e-02
9.998138248920440674e-02
9.996915608644485474e-02
9.996370971202850342e-02
9.996917843818664551e-02
9.998148679733276367e-02
9.999260306358337402e-02
9.999848157167434692e-02
1.000002473592758179e-01
1.000003293156623840e-01
1.000001356005668640e-01
1.000000387430191040e-01
1.000000089406967163e-01
1.000000014901161194e-01
9.870644658803939819e-02
9.710170328617095947e-02
9.488219022750854492e-02
9.303727746009826660e-02
9.280525147914886475e-02
9.442076086997985840e-02
9.685412794351577759e-02
9.879593551158905029e-02
9.975567460060119629e-02
1.000314950942993164e-01
1.000456064939498901e-01
1.000188887119293213e-01
1.000049337744712830e-01
1.000009104609489441e-01
1.000001206994056702e-01
6.289221346378326416e-02
1.950335502624511719e-02
-3.881684690713882446e-02
-8.599153906106948853e-02
-9.059160202741622925e-02
-4.764109104871749878e-02
1.588547974824905396e-02
6.664424389600753784e-02
9.221705794334411621e-02
1.000657901167869568e-01
1.008858382701873779e-01
1.003988534212112427e-01
1.001055389642715454e-01
1.000188887119293213e-01
1.000022813677787781e-01
-1.496052742004394531e-01
-2.943937778472900391e-01
-4.071837365627288818e-01
-4.468097388744354248e-01
-4.111764729022979736e-01
-3.343917429447174072e-01
-2.420282661914825439e-01
-1.377499103546142578e-01
-3.667487949132919312e-02
3.714279085397720337e-02
7.709512114524841309e-02
9.332332015037536621e-02
9.837934374809265137e-02
9.965530037879943848e-02
9.993512928485870361e-02
-1.326326370239257812e+00
-1.321375966072082520e+00
-3.855443000793457031e-01
9.554007053375244141e-01
1.534207582473754883e+00
7.837508320808410645e-01
-5.643789172172546387e-01
-1.301273465156555176e+00
-1.132171034812927246e+00
-6.041666865348815918e-01
-1.896213591098785400e-01
1.043181866407394409e-02
7.853300124406814575e-02
9.609859436750411987e-02
9.959875047206878662e-02
-2.244206190109252930e+00
-2.066033363342285156e+00
-2.381244897842407227e-01
2.183171749114990234e+00
3.200632572174072266e+00
2.119742393493652344e+00
1.633368134498596191e-01
-1.042040586471557617e+00
-1.113656282424926758e+00
-6.713108420372009277e-01
-2.494398653507232666e-01
-4.010088741779327393e-03
9.586900472640991211e-02
1.182591170072555542e-01
1.136815696954727173e-01
-2.219852924346923828e+00
-1.855783581733703613e+00
2.097225487232208252e-01
2.618318796157836914e+00
3.689535140991210938e+00
3.786372423171997070e+00
3.753783226013183594e+00
3.266157627105712891e+00
2.138188362121582031e+00
9.830862283706665039e-01
3.713371157646179199e-01
2.585526108741760254e-01
2.830304503440856934e-01
2.565873265266418457e-01
1.929946541786193848e-01
-2.089364767074584961e+00
-2.087790727615356445e+00
-4.953187406063079834e-01
1.647283434867858887e+00
2.748350858688354492e+00
2.974738597869873047e+00
3.080148935317993164e+00
2.882411718368530273e+00
2.230753660202026367e+00
1.569993615150451660e+00
1.289408802986145020e+00
1.260771632194519043e+00
1.147186160087585449e+00
8.632614612579345703e-01
5.387732386589050293e-01
-2.011613607406616211e+00
-2.332504034042358398e+00
-1.128672599792480469e+00
8.655776977539062500e-01
2.052095413208007812e+00
2.239129066467285156e+00
2.166929721832275391e+00
2.103163480758666992e+00
2.019249200820922852e+00
2.014485597610473633e+00
2.153163909912109375e+00
2.228449821472167969e+00
1.986506938934326172e+00
1.460192799568176270e+00
8.843262195587158203e-01
-7.371839284896850586e-01
-6.453771591186523438e-01
1.639569997787475586e-01
1.268041253089904785e+00
2.001352071762084961e+00
2.395878076553344727e+00
2.696488380432128906e+00
2.752603769302368164e+00
2.459111690521240234e+00
2.031218528747558594e+00
1.722881436347961426e+00
1.551736950874328613e+00
1.359700322151184082e+00
1.046518683433532715e+00
6.722107529640197754e-01
7.506675720214843750e-01
1.603216528892517090e+00
2.484889030456542969e+00
2.783257961273193359e+00
2.438234329223632812e+00
2.227895021438598633e+00
2.490797519683837891e+00
2.581057548522949219e+00
2.074954032897949219e+00
1.317569375038146973e+00
8.171632289886474609e-01
6.710504293441772461e-01
6.448623538017272949e-01
5.522723793983459473e-01
3.897587060928344727e-01
2.236852169036865234e+00
3.920143365859985352e+00
5.007346630096435547e+00
4.532132625579833984e+00
2.905789375305175781e+00
1.817947864532470703e+00
1.916635990142822266e+00
2.052582502365112305e+00
1.392812490463256836e+00
3.918264210224151611e-01
-1.822320520877838135e-01
-2.031829357147216797e-01
-3.382835537195205688e-02
7.780247926712036133e-02
1.106724143028259277e-01
6.817629933357238770e-01
1.076609730720520020e+00
1.194707512855529785e+00
7.643783092498779297e-01
6.945587694644927979e-03
-4.334071576595306396e-01
-2.961678206920623779e-01
8.858926594257354736e-03
9.733948856592178345e-02
4.634670913219451904e-03
-5.853766947984695435e-02
-2.255604416131973267e-02
4.136720672249794006e-02
8.058448135852813721e-02
9.543623775243759155e-02
8.573444932699203491e-02
2.326794713735580444e-02
-1.370201110839843750e-01
-4.040016829967498779e-01
-6.827479004859924316e-01
-8.068560361862182617e-01
-6.991372704505920410e-01
-4.491336047649383545e-01
-2.020254135131835938e-01
-3.837855905294418335e-02
4.455611854791641235e-02
8.021514117717742920e-02
9.385277330875396729e-02
9.838891029357910156e-02
9.965435415506362915e-02
9.573759883642196655e-02
8.643673360347747803e-02
6.646060943603515625e-02
3.590651601552963257e-02
5.331300199031829834e-03
-7.856845855712890625e-03
4.601635038852691650e-03
3.363493829965591431e-02
6.328152120113372803e-02
8.358509093523025513e-02
9.394951909780502319e-02
9.813112020492553711e-02
9.951107203960418701e-02
9.989103674888610840e-02
9.997925907373428345e-02
9.994363039731979370e-02
9.989036619663238525e-02
9.983257949352264404e-02
9.979908168315887451e-02
9.981133043766021729e-02
9.986158460378646851e-02
9.992112219333648682e-02
9.996539354324340820e-02
9.998838603496551514e-02
9.999708086252212524e-02
9.999947249889373779e-02
9.999994188547134399e-02
1.000000014901161194e-01
1.000000014901161194e-01
1.000000014901161194e-01
9.284499287605285645e-02
8.590050041675567627e-02
7.813056558370590210e-02
7.331962883472442627e-02
7.452387362718582153e-02
8.100081235170364380e-02
8.900524675846099854e-02
9.510230273008346558e-02
9.832715243101119995e-02
9.956763684749603271e-02
9.991826117038726807e-02
9.998957812786102295e-02
9.999936819076538086e-02
1.000000461935997009e-01
1.000000089406967163e-01
-8.869316428899765015e-02
-2.701774537563323975e-01
-4.723533689975738525e-01
-5.969204306602478027e-01
-5.651457905769348145e-01
-3.969472050666809082e-01
-1.892620623111724854e-01
-3.041211515665054321e-02
5.454165488481521606e-02
8.789680898189544678e-02
9.763530641794204712e-02
9.969836473464965820e-02
9.998624771833419800e-02
1.000021919608116150e-01
9.999983757734298706e-02
-7.248555421829223633e-01
-1.353500008583068848e+00
-1.945790648460388184e+00
-2.215064048767089844e+00
-2.021760702133178711e+00
-1.516955256462097168e+00
-9.582322835922241211e-01
-4.965374767780303955e-01
-1.791640222072601318e-01
-1.391626894474029541e-03
7.468445599079132080e-02
9.691458195447921753e-02
1.002668663859367371e-01
1.001185774803161621e-01
9.997843950986862183e-02
-2.113892078399658203e+00
-2.371715545654296875e+00
-1.432932257652282715e+00
2.295816838741302490e-01
1.221145510673522949e+00
5.913694500923156738e-01
-9.160319566726684570e-01
-1.687552928924560547e+00
-1.314950823783874512e+00
-5.765143632888793945e-01
-9.167792648077011108e-02
7.940109819173812866e-02
1.061425209045410156e-01
1.034292578697204590e-01
1.010955050587654114e-01
-3.116800308227539062e+00
-3.059959411621093750e+00
-9.943692684173583984e-01
1.990007758140563965e+00
3.563745737075805664e+00
2.552345275878906250e+00
2.397508323192596436e-01
-1.167584061622619629e+00
-1.100001454353332520e+00
-4.684632718563079834e-01
-9.216628968715667725e-03
1.672490835189819336e-01
1.975758224725723267e-01
1.787009835243225098e-01
1.468096077442169189e-01
-2.853822946548461914e+00
-2.743342399597167969e+00
-9.447501897811889648e-01
1.370278954505920410e+00
2.818917274475097656e+00
3.692807912826538086e+00
4.378747463226318359e+00
4.180548667907714844e+00
2.971847534179687500e+00
1.623333096504211426e+00
8.395600318908691406e-01
6.174260973930358887e-01
5.891982316970825195e-01
5.041981339454650879e-01
3.499488830566406250e-01
-3.799908638000488281e+00
-4.494073390960693359e+00
-3.096578836441040039e+00
-5.687562227249145508e-01
1.351981401443481445e+00
2.654677629470825195e+00
3.606149911880493164e+00
3.553441047668457031e+00
2.674770832061767578e+00
1.926770329475402832e+00
1.642405390739440918e+00
1.593225359916687012e+00
1.512246370315551758e+00
1.247209191322326660e+00
8.394957184791564941e-01
-4.901842594146728516e+00
-6.373614311218261719e+00
-5.218005180358886719e+00
-2.243815422058105469e+00
2.448721528053283691e-01
1.736864924430847168e+00
2.535190343856811523e+00
2.429792404174804688e+00
2.005365610122680664e+00
2.067772865295410156e+00
2.382818698883056641e+00
2.516718387603759766e+00
2.398368835449218750e+00
1.985915660858154297e+00
1.343091249465942383e+00
-2.727554321289062500e+00
-3.523617267608642578e+00
-2.816940784454345703e+00
-1.149441957473754883e+00
3.206029236316680908e-01
1.697701573371887207e+00
2.952718734741210938e+00
3.216759443283081055e+00
2.688986063003540039e+00
2.222258329391479492e+00
1.921767592430114746e+00
1.725424051284790039e+00
1.675695061683654785e+00
1.529773473739624023e+00
1.122789859771728516e+00
2.635264098644256592e-01
7.965464591979980469e-01
1.286208748817443848e+00
1.069918870925903320e+00
4.131784439086914062e-01
7.780158519744873047e-01
2.320880651473999023e+00
3.320499658584594727e+00
2.974090814590454102e+00
1.992206215858459473e+00
1.152383923530578613e+00
7.780564427375793457e-01
7.789910435676574707e-01
7.997005581855773926e-01
6.394688487052917480e-01
3.339944362640380859e+00
5.317300796508789062e+00
5.621586799621582031e+00
3.334650993347167969e+00
1.840437948703765869e-01
-7.663245201110839844e-01
1.032138824462890625e+00
2.955928564071655273e+00
2.989930629730224609e+00
1.609155893325805664e+00
3.299213349819183350e-01
-1.447028815746307373e-01
-9.914083033800125122e-02
4.137357324361801147e-02
1.102741360664367676e-01
9.872266054153442383e-01
1.376709461212158203e+00
1.036141157150268555e+00
-3.035260140895843506e-01
-1.926881432533264160e+00
-2.586522579193115234e+00
-1.898748159408569336e+00
-7.340816259384155273e-01
-1.753901690244674683e-02
1.039643362164497375e-01
8.052714169025421143e-03
-2.394512295722961426e-02
1.681420207023620605e-02
6.342747807502746582e-02
8.886494487524032593e-02
6.387040019035339355e-02
-8.978667110204696655e-02
-4.772415459156036377e-01
-1.118998885154724121e+00
-1.804272890090942383e+00
-2.156155586242675781e+00
-1.960249066352844238e+00
-1.366171956062316895e+00
-7.155752182006835938e-01
-2.558554708957672119e-01
-2.263667434453964233e-02
6.574850529432296753e-02
9.158303588628768921e-02
9.795451909303665161e-02
9.950138628482818604e-02
9.170236438512802124e-02
7.125674933195114136e-02
2.549628168344497681e-02
-4.691771417856216431e-02
-1.234351918101310730e-01
-1.635511815547943115e-01
-1.427539288997650146e-01
-7.542210072278976440e-02
8.360072970390319824e-04
5.645174533128738403e-02
8.538370579481124878e-02
9.634363651275634766e-02
9.933378547430038452e-02
9.991241991519927979e-02
9.999021887779235840e-02
9.974239021539688110e-02
9.951681643724441528e-02
9.929411113262176514e-02
9.919165074825286865e-02
9.927491098642349243e-02
9.949027746915817261e-02
9.971974045038223267e-02
9.988000243902206421e-02
9.995988011360168457e-02
9.998948872089385986e-02
9.999784827232360840e-02
9.999965876340866089e-02
9.999995678663253784e-02
9.999999403953552246e-02
1.000000014901161194e-01
7.214347273111343384e-02
4.717535153031349182e-02
2.169857919216156006e-02
8.625872433185577393e-03
1.607607305049896240e-02
3.939951211214065552e-02
6.578221172094345093e-02
8.497892320156097412e-02
9.485671669244766235e-02
9.862180799245834351e-02
9.971223771572113037e-02
9.995372593402862549e-02
9.999442845582962036e-02
9.999949485063552856e-02
9.999994188547134399e-02
-6.173400878906250000e-01
-1.261550307273864746e+00
-1.921051859855651855e+00
-2.262172937393188477e+00
-2.072549581527709961e+00
-1.469822525978088379e+00
-7.854189872741699219e-01
-2.866201102733612061e-01
-3.025429695844650269e-02
6.668110191822052002e-02
9.394573420286178589e-02
9.941275417804718018e-02
1.000483930110931396e-01
1.000279784202575684e-01
1.000031679868698120e-01
-2.341634273529052734e+00
-4.536457538604736328e+00
-6.820797443389892578e+00
-8.001725196838378906e+00
-7.266207218170166016e+00
-5.043943881988525391e+00
-2.574714899063110352e+00
-8.364932537078857422e-01
-1.733646541833877563e-02
2.107853889465332031e-01
2.023522853851318359e-01
1.500889807939529419e-01
1.163859665393829346e-01
1.035557389259338379e-01
1.004193276166915894e-01
-4.346347749233245850e-01
-9.450482130050659180e-01
-1.897484898567199707e+00
-2.387834072113037109e+00
-1.228548765182495117e+00
1.156994104385375977e+00
3.251908540725708008e+00
4.087600231170654297e+00
3.683802127838134766e+00
2.612953901290893555e+00
1.492311239242553711e+00
6.955437660217285156e-01
2.901820540428161621e-01
1.447992771863937378e-01
1.082185730338096619e-01
1.492121338844299316e+00
2.411754608154296875e+00
2.373709440231323242e+00
2.048830986022949219e+00
3.031433105468750000e+00
5.016240119934082031e+00
6.466965198516845703e+00
6.648257732391357422e+00
5.702491760253906250e+00
4.108532428741455078e+00
2.458528041839599609e+00
1.246773600578308105e+00
6.168605089187622070e-01
3.587210178375244141e-01
2.338586449623107910e-01
2.874514102935791016e+00
4.140863418579101562e+00
3.676854372024536133e+00
2.086474657058715820e+00
1.289877891540527344e+00
1.393096566200256348e+00
1.584031939506530762e+00
1.920125603675842285e+00
2.445830821990966797e+00
2.661453962326049805e+00
2.290739774703979492e+00
1.722510576248168945e+00
1.365396022796630859e+00
1.090514183044433594e+00
7.283364534378051758e-01
-1.388069272041320801e+00
-2.151111364364624023e+00
-3.133409023284912109e+00
-3.679966449737548828e+00
-2.772764682769775391e+00
-6.180948615074157715e-01
1.304523587226867676e+00
2.010948419570922852e+00
2.113857507705688477e+00
2.268771171569824219e+00
2.167422771453857422e+00
1.911698222160339355e+00
1.918644428253173828e+00
1.867286682128906250e+00
1.411249876022338867e+00
-5.882339954376220703e+00
-8.861813545227050781e+00
-1.045262145996093750e+01
-9.760552406311035156e+00
-6.640807628631591797e+00
-1.871878981590270996e+00
2.055091142654418945e+00
3.039447069168090820e+00
2.505816221237182617e+00
2.418073654174804688e+00
2.347825288772583008e+00
2.154274702072143555e+00
2.425932407379150391e+00
2.631661415100097656e+00
2.125342845916748047e+00
-4.647666931152343750e+00
-7.700551509857177734e+00
-9.542498588562011719e+00
-8.857015609741210938e+00
-5.687925815582275391e+00
-1.514882683753967285e+00
1.222453474998474121e+00
1.508878827095031738e+00
1.402311801910400391e+00
2.159960269927978516e+00
2.282185554504394531e+00
1.691034317016601562e+00
1.749956369400024414e+00
2.131638050079345703e+00
1.898044824600219727e+00
-1.999423146247863770e+00
-3.518282651901245117e+00
-4.467825412750244141e+00
-3.932109355926513672e+00
-1.900825381278991699e+00
4.424526393413543701e-01
1.732370257377624512e+00
1.888827562332153320e+00
2.059333562850952148e+00
2.432445764541625977e+00
1.982863783836364746e+00
1.064677357673645020e+00
8.507218360900878906e-01
1.106087327003479004e+00
1.066706895828247070e+00
8.410235643386840820e-01
1.218500256538391113e+00
1.389471650123596191e+00
1.606208086013793945e+00
2.027365207672119141e+00
2.160488843917846680e+00
2.058263301849365234e+00
2.447799205780029297e+00
3.023875713348388672e+00
2.773089170455932617e+00
1.604356169700622559e+00
4.258985817432403564e-01
-5.543041974306106567e-02
-1.479660719633102417e-02
1.000263541936874390e-01
2.805416584014892578e-01
1.625670194625854492e-01
-4.189782440662384033e-01
-1.514150619506835938e+00
-2.833698987960815430e+00
-3.860351800918579102e+00
-3.938082695007324219e+00
-2.807273626327514648e+00
-1.190548419952392578e+00
-9.395586699247360229e-02
2.133617401123046875e-01
1.200935095548629761e-01
3.306163102388381958e-02
4.189107194542884827e-02
7.546121627092361450e-02
2.079336345195770264e-02
-2.260162234306335449e-01
-8.364094495773315430e-01
-1.902964949607849121e+00
-3.198233842849731445e+00
-4.136030197143554688e+00
-4.150973796844482422e+00
-3.197455644607543945e+00
-1.840356945991516113e+00
-7.419225573539733887e-01
-1.529656350612640381e-01
5.401343852281570435e-02
9.671256691217422485e-02
1.001079902052879333e-01
9.978862851858139038e-02
8.936140686273574829e-02
5.943352729082107544e-02
-1.313889026641845703e-02
-1.394115686416625977e-01
-2.926139831542968750e-01
-4.030304253101348877e-01
-4.042927920818328857e-01
-2.921372950077056885e-01
-1.327128410339355469e-01
-2.736426889896392822e-03
6.825509667396545410e-02
9.416015446186065674e-02
9.985253959894180298e-02
1.002624928951263428e-01
1.000844612717628479e-01
9.956821054220199585e-02
9.922393411397933960e-02
9.891102463006973267e-02
9.878759086132049561e-02
9.892315417528152466e-02
9.924092143774032593e-02
9.958169609308242798e-02
9.982230514287948608e-02
9.994174540042877197e-02
9.998516738414764404e-02
9.999707341194152832e-02
9.999956190586090088e-02
9.999995678663253784e-02
1.000000014901161194e-01
1.000000014901161194e-01
5.830103904008865356e-02
2.696924656629562378e-02
-8.424669504165649414e-04
-1.315344870090484619e-02
-4.518896341323852539e-03
2.195564657449722290e-02
5.458676069974899292e-02
7.988848537206649780e-02
9.320094436407089233e-02
9.822918474674224854e-02
9.964661300182342529e-02
9.994783252477645874e-02
9.999510645866394043e-02
9.999996423721313477e-02
1.000000759959220886e-01
-9.653741121292114258e-01
-1.760082960128784180e+00
-2.463141441345214844e+00
-2.777008533477783203e+00
-2.565977573394775391e+00
-1.898972988128662109e+00
-1.065577745437622070e+00
-4.144155085086822510e-01
-7.109562307596206665e-02
5.768917873501777649e-02
9.286709874868392944e-02
9.953545033931732178e-02
1.001674458384513855e-01
1.000712811946868896e-01
1.000145003199577332e-01
-3.710482597351074219e+00
-6.451727867126464844e+00
-8.820199012756347656e+00
-9.809416770935058594e+00
-8.965020179748535156e+00
-6.523471355438232422e+00
-3.512510299682617188e+00
-1.201097846031188965e+00
-6.058161705732345581e-02
2.602983415126800537e-01
2.465369701385498047e-01
1.725921332836151123e-01
1.250328868627548218e-01
1.062322258949279785e-01
1.010911986231803894e-01
-2.777717590332031250e+00
-3.813110828399658203e+00
-4.109940052032470703e+00
-3.483949422836303711e+00
-1.893170714378356934e+00
5.738818645477294922e-01
3.195998668670654297e+00
4.775363922119140625e+00
4.729211330413818359e+00
3.508807182312011719e+00
2.030418872833251953e+00
9.420217275619506836e-01
3.793232440948486328e-01
1.700140982866287231e-01
1.134103238582611084e-01
-4.469970762729644775e-01
4.274122416973114014e-03
7.305085659027099609e-01
1.618147253990173340e+00
2.947731733322143555e+00
4.866929054260253906e+00
6.820781230926513672e+00
7.799083709716796875e+00
7.226203918457031250e+00
5.401146888732910156e+00
3.212104320526123047e+00
1.511428594589233398e+00
6.139003038406372070e-01
2.824444472789764404e-01
1.752735078334808350e-01
5.401423931121826172e+00
6.419133663177490234e+00
4.961187839508056641e+00
2.165160179138183594e+00
3.700193166732788086e-01
1.798909455537796021e-01
7.857502698898315430e-01
1.663070678710937500e+00
2.569966793060302734e+00
2.957628726959228516e+00
2.388330698013305664e+00
1.395277500152587891e+00
7.880728244781494141e-01
5.698556303977966309e-01
4.127029776573181152e-01
2.460878372192382812e+00
2.143450736999511719e+00
-1.289459764957427979e-01
-3.081608057022094727e+00
-4.417922496795654297e+00
-3.524504184722900391e+00
-1.472761988639831543e+00
5.721324682235717773e-01
1.954638481140136719e+00
2.372725963592529297e+00
1.964314103126525879e+00
1.454634785652160645e+00
1.346625208854675293e+00
1.307840108871459961e+00
9.945009946823120117e-01
-1.233220458030700684e+00
-3.032066822052001953e+00
-5.924054622650146484e+00
-8.482733726501464844e+00
-8.612622261047363281e+00
-5.964944839477539062e+00
-2.170195579528808594e+00
8.744686245918273926e-01
2.356484889984130859e+00
2.486179828643798828e+00
1.984222054481506348e+00
1.744445919990539551e+00
2.009958267211914062e+00
2.105885028839111328e+00
1.619908094406127930e+00
-6.337180137634277344e-01
-2.449988842010498047e+00
-5.180282115936279297e+00
-6.863640785217285156e+00
-5.618194103240966797e+00
-2.407036304473876953e+00
1.516543626785278320e-01
1.007546186447143555e+00
1.334377408027648926e+00
1.920346975326538086e+00
2.089189291000366211e+00
1.849934458732604980e+00
1.859960675239562988e+00
1.876820921897888184e+00
1.470538735389709473e+00
-8.824856281280517578e-01
-2.501507520675659180e+00
-4.284576416015625000e+00
-4.483006000518798828e+00
-2.325067281723022461e+00
3.142388164997100830e-01
1.473244190216064453e+00
1.577687859535217285e+00
1.967969417572021484e+00
2.596228122711181641e+00
2.429946422576904297e+00
1.645757794380187988e+00
1.189366698265075684e+00
1.065774798393249512e+00
8.465062379837036133e-01
-1.559047818183898926e+00
-3.044045209884643555e+00
-3.836062908172607422e+00
-2.629006624221801758e+00
3.920254856348037720e-02
1.646136879920959473e+00
1.487600922584533691e+00
1.602345585823059082e+00
2.761013984680175781e+00
3.514442205429077148e+00
2.804039239883422852e+00
1.359637379646301270e+00
4.036053717136383057e-01
1.286216676235198975e-01
1.161729544401168823e-01
-6.061218976974487305e-01
-1.477992653846740723e+00
-2.640152931213378906e+00
-3.790378570556640625e+00
-4.766867637634277344e+00
-5.549580097198486328e+00
-5.606121540069580078e+00
-4.262931346893310547e+00
-2.036510467529296875e+00
-2.466245591640472412e-01
4.341441690921783447e-01
3.569644987583160400e-01
1.594443470239639282e-01
8.672736585140228271e-02
8.647190034389495850e-02
-1.369735896587371826e-01
-5.901953577995300293e-01
-1.503453254699707031e+00
-2.903525352478027344e+00
-4.477399826049804688e+00
-5.575245857238769531e+00
-5.558476924896240234e+00
-4.334951400756835938e+00
-2.560666799545288086e+00
-1.078930258750915527e+00
-2.578240036964416504e-01
3.857898339629173279e-02
9.967565536499023438e-02
1.026066541671752930e-01
1.005689427256584167e-01
7.406894117593765259e-02
2.232701331377029419e-02
-8.460659533739089966e-02
-2.513730525970458984e-01
-4.402215778827667236e-01
-5.714017748832702637e-01
-5.689675807952880859e-01
-4.247777163982391357e-01
-2.170580029487609863e-01
-4.329184442758560181e-02
5.443391576409339905e-02
9.121173620223999023e-02
9.965062141418457031e-02
1.003675311803817749e-01
1.001297235488891602e-01
9.946059435606002808e-02
9.904973208904266357e-02
9.869276732206344604e-02
9.856508672237396240e-02
9.873107075691223145e-02
9.910318255424499512e-02
9.950470924377441406e-02
9.979038685560226440e-02
9.993204474449157715e-02
9.998301416635513306e-02
9.999674558639526367e-02
9.999953210353851318e-02
9.999995678663253784e-02
1.000000014901161194e-01
1.000000014901161194e-01
5.066788569092750549e-02
1.746599376201629639e-02
-8.887052536010742188e-03
-1.894685626029968262e-02
-1.049772650003433228e-02
1.538410782814025879e-02
4.970549792051315308e-02
7.758797705173492432e-02
9.248848259449005127e-02
9.808476269245147705e-02
9.963206946849822998e-02
9.995002299547195435e-02
9.999667853116989136e-02
1.000004783272743225e-01
1.000002101063728333e-01
-1.155656695365905762e+00
-1.987520337104797363e+00
-2.638780593872070312e+00
-2.887446403503417969e+00
-2.688163995742797852e+00
-2.050706386566162109e+00
-1.184529423713684082e+00
-4.716105759143829346e-01
-8.877050131559371948e-02
5.429929867386817932e-02
9.268159419298171997e-02
9.969162195920944214e-02
1.002540439367294312e-01
1.001023054122924805e-01
1.000233441591262817e-01
-4.545594692230224609e+00
-7.442720413208007812e+00
-9.552821159362792969e+00
-1.019858360290527344e+01
-9.358429908752441406e+00
-7.059543132781982422e+00
-3.966448783874511719e+00
-1.429551243782043457e+00
-1.244761720299720764e-01
2.604952752590179443e-01
2.578718066215515137e-01
1.805599778890609741e-01
1.289448440074920654e-01
1.077600270509719849e-01
1.015620008111000061e-01
-5.038960456848144531e+00
-6.455347061157226562e+00
-5.813844203948974609e+00
-3.781290769577026367e+00
-1.786497235298156738e+00
2.069508731365203857e-01
2.542045593261718750e+00
4.350111007690429688e+00
4.674900054931640625e+00
3.639418601989746094e+00
2.164374113082885742e+00
1.022889971733093262e+00
4.159472286701202393e-01
1.824532747268676758e-01
1.162238642573356628e-01
-2.844975471496582031e+00
-2.930830717086791992e+00
-1.146607995033264160e+00
1.463614821434020996e+00
3.326625347137451172e+00
4.671565532684326172e+00
6.235520362854003906e+00
7.436146259307861328e+00
7.273518085479736328e+00
5.636531352996826172e+00
3.379209280014038086e+00
1.523308873176574707e+00
5.240629911422729492e-01
1.783161461353302002e-01
1.063910052180290222e-01
6.782969951629638672e+00
7.408642292022705078e+00
5.463512897491455078e+00
2.382133722305297852e+00
3.122451305389404297e-01
4.882775992155075073e-02
9.166658520698547363e-01
2.028938293457031250e+00
2.953894615173339844e+00
3.199683189392089844e+00
2.316997528076171875e+00
9.490667581558227539e-01
1.485587656497955322e-01
5.068726837635040283e-03
6.492665410041809082e-02
5.530472755432128906e+00
5.697893619537353516e+00
2.794334411621093750e+00
-1.619202375411987305e+00
-4.626603126525878906e+00
-4.981436729431152344e+00
-3.098976373672485352e+00
-1.132997497916221619e-01
2.149213075637817383e+00
2.562550544738769531e+00
1.817038178443908691e+00
1.128448724746704102e+00
8.909881114959716797e-01
7.820691466331481934e-01
5.612912178039550781e-01
3.105103015899658203e+00
2.758553028106689453e+00
-6.152063608169555664e-01
-5.501755237579345703e+00
-8.557793617248535156e+00
-8.369233131408691406e+00
-5.291675567626953125e+00
-7.262389063835144043e-01
2.401237964630126953e+00
2.644826173782348633e+00
1.857446074485778809e+00
1.711449742317199707e+00
1.894078373908996582e+00
1.695940256118774414e+00
1.115715861320495605e+00
3.416802406311035156e+00
3.270092964172363281e+00
3.029863536357879639e-01
-3.276156902313232422e+00
-3.964787483215332031e+00
-2.035928010940551758e+00
2.518317848443984985e-02
1.199296355247497559e+00
1.751003980636596680e+00
2.055123805999755859e+00
2.286001682281494141e+00
2.403281688690185547e+00
2.238497257232666016e+00
1.719296216964721680e+00
1.042900681495666504e+00
6.665620803833007812e-01
-4.881825745105743408e-01
-2.632349252700805664e+00
-3.627042055130004883e+00
-1.905605912208557129e+00
5.752414464950561523e-01
1.538551449775695801e+00
1.541350960731506348e+00
1.911900877952575684e+00
2.601273536682128906e+00
2.763123989105224609e+00
2.264553546905517578e+00
1.616864562034606934e+00
1.069185853004455566e+00
6.267251372337341309e-01
-3.115648746490478516e+00
-5.767461299896240234e+00
-7.205688953399658203e+00
-5.596209526062011719e+00
-1.842406630516052246e+00
6.021136641502380371e-01
5.535374879837036133e-01
4.883418381214141846e-01
1.871294021606445312e+00
3.313736438751220703e+00
3.187387943267822266e+00
1.868314504623413086e+00
7.348453402519226074e-01
2.552687227725982666e-01
1.343435347080230713e-01
-1.234059572219848633e+00
-2.638217687606811523e+00
-4.246177196502685547e+00
-5.545351982116699219e+00
-6.410906314849853516e+00
-7.038377285003662109e+00
-6.999818325042724609e+00
-5.493774890899658203e+00
-2.895946025848388672e+00
-6.178763508796691895e-01
4.159984290599822998e-01
4.560908377170562744e-01
2.394407093524932861e-01
1.234269440174102783e-01
9.762673825025558472e-02
-2.691695988178253174e-01
-8.951653838157653809e-01
-2.059314250946044922e+00
-3.724493026733398438e+00
-5.495600223541259766e+00
-6.676465034484863281e+00
-6.605082988739013672e+00
-5.184285163879394531e+00
-3.124677896499633789e+00
-1.371067404747009277e+00
-3.694522976875305176e-01
9.450636804103851318e-03
9.569983929395675659e-02
1.030351147055625916e-01
1.009513139724731445e-01
6.078975275158882141e-02
-9.567536413669586182e-03
-1.449644267559051514e-01
-3.432276248931884766e-01
-5.565130710601806641e-01
-6.985129714012145996e-01
-6.899468302726745605e-01
-5.225707292556762695e-01
-2.818402051925659180e-01
-7.717987149953842163e-02
4.094111919403076172e-02
8.723728358745574951e-02
9.881828725337982178e-02
1.002588346600532532e-01
1.001263633370399475e-01
9.985867887735366821e-02
9.974870085716247559e-02
9.965114295482635498e-02
9.961468726396560669e-02
9.965884685516357422e-02
9.975948184728622437e-02
9.986753016710281372e-02
9.994400292634963989e-02
9.998185932636260986e-02
9.999548643827438354e-02
9.999914467334747314e-02
9.999988228082656860e-02
9.999999403953552246e-02
1.000000014901161194e-01
1.000000014901161194e-01
8.678706735372543335e-02
7.743463665246963501e-02
6.961230933666229248e-02
6.642687320709228516e-02
6.896038353443145752e-02
7.656890153884887695e-02
8.624867349863052368e-02
9.391607344150543213e-02
9.797064960002899170e-02
9.948748350143432617e-02
9.990406036376953125e-02
9.998787939548492432e-02
9.999946504831314087e-02
1.000001952052116394e-01
1.000000610947608948e-01
-2.368109226226806641e-01
-4.723421633243560791e-01
-6.674749851226806641e-01
-7.469234466552734375e-01
-6.854784488677978516e-01
-4.958912432193756104e-01
-2.507169842720031738e-01
-5.478391796350479126e-02
4.906191676855087280e-02
8.768067508935928345e-02
9.801447391510009766e-02
9.990127384662628174e-02
1.000594869256019592e-01
1.000243127346038818e-01
1.000054851174354553e-01
-1.127097487449645996e+00
-1.937580466270446777e+00
-2.560633182525634766e+00
-2.750187397003173828e+00
-2.459407806396484375e+00
-1.761425256729125977e+00
-9.121406078338623047e-01
-2.644670009613037109e-01
4.880322143435478210e-02
1.356990486383438110e-01
1.343846321105957031e-01
1.173822060227394104e-01
1.062243059277534485e-01
1.016659364104270935e-01
1.003339067101478577e-01
-1.052176475524902344e+00
-1.338999986648559570e+00
-1.041860580444335938e+00
-2.010389864444732666e-01
7.745280861854553223e-01
1.525568485260009766e+00
1.882848024368286133e+00
1.817106604576110840e+00
1.447471857070922852e+00
9.765850901603698730e-01
5.699260830879211426e-01
3.023675680160522461e-01
1.678561568260192871e-01
1.173184737563133240e-01
1.032704412937164307e-01
-5.766160786151885986e-03
1.837595999240875244e-01
8.056638240814208984e-01
1.942226767539978027e+00
3.204755306243896484e+00
3.857433795928955078e+00
3.663687229156494141e+00
3.079351425170898438e+00
2.439494609832763672e+00
1.742914557456970215e+00
1.032050013542175293e+00
4.805476665496826172e-01
1.948813199996948242e-01
1.067428588867187500e-01
9.525222331285476685e-02
3.632094383239746094e+00
4.103237152099609375e+00
3.298391580581665039e+00
2.531643867492675781e+00
2.809455394744873047e+00
2.907394886016845703e+00
2.130524158477783203e+00
1.736328959465026855e+00
2.069846630096435547e+00
2.126563549041748047e+00
1.477465033531188965e+00
6.469520330429077148e-01
1.822784543037414551e-01
7.558714598417282104e-02
8.622581511735916138e-02
2.762527227401733398e+00
3.286351680755615234e+00
2.636188983917236328e+00
1.567475795745849609e+00
1.122350454330444336e+00
1.070000767707824707e+00
1.142372369766235352e+00
1.656714200973510742e+00
2.101660728454589844e+00
1.868541479110717773e+00
1.425137758255004883e+00
1.214852809906005859e+00
1.057892084121704102e+00
7.836707234382629395e-01
4.732758700847625732e-01
1.624844431877136230e+00
2.267871618270874023e+00
1.923715829849243164e+00
7.862827181816101074e-01
-3.293623775243759155e-02
8.067309856414794922e-02
1.010164618492126465e+00
2.117268085479736328e+00
2.423454046249389648e+00
1.940037012100219727e+00
1.781759619712829590e+00
2.120119810104370117e+00
2.137647867202758789e+00
1.599555134773254395e+00
9.154036045074462891e-01
2.191027879714965820e+00
3.063103675842285156e+00
2.434016227722167969e+00
1.213540315628051758e+00
1.361938595771789551e+00
2.451331138610839844e+00
2.779781818389892578e+00
2.230013847351074219e+00
2.025840759277343750e+00
2.649073839187622070e+00
3.244330406188964844e+00
3.124324560165405273e+00
2.448580503463745117e+00
1.623077392578125000e+00
9.189810156822204590e-01
1.119343519210815430e+00
1.673369646072387695e+00
1.522587776184082031e+00
1.151648998260498047e+00
1.520524144172668457e+00
2.096887588500976562e+00
1.692053794860839844e+00
5.069466233253479004e-01
-9.552441537380218506e-03
6.945074200630187988e-01
1.554075717926025391e+00
1.731169342994689941e+00
1.401106238365173340e+00
9.502131938934326172e-01
5.653074979782104492e-01
-5.045601129531860352e-01
-4.731890857219696045e-01
1.716293394565582275e-02
6.375697851181030273e-01
7.991945147514343262e-01
2.763566076755523682e-01
-8.558269143104553223e-01
-2.184000253677368164e+00
-2.784555673599243164e+00
-2.223186016082763672e+00
-1.179065823554992676e+00
-3.994090259075164795e-01
-2.459224313497543335e-02
1.014720350503921509e-01
1.231617182493209839e-01
-2.428461313247680664e-01
-5.263324379920959473e-01
-9.567767381668090820e-01
-1.669610142707824707e+00
-2.657636165618896484e+00
-3.550525903701782227e+00
-3.914148807525634766e+00
-3.594573974609375000e+00
-2.713866472244262695e+00
-1.619277119636535645e+00
-7.285435199737548828e-01
-2.203336656093597412e-01
-2.661935985088348389e-03
7.222741097211837769e-02
9.383552521467208862e-02
-3.362477570772171021e-02
-2.931825518608093262e-01
-8.292482495307922363e-01
-1.668459057807922363e+00
-2.623747348785400391e+00
-3.302247762680053711e+00
-3.347686290740966797e+00
-2.722433090209960938e+00
-1.753043889999389648e+00
-8.663759231567382812e-01
-2.953639030456542969e-01
-2.635010331869125366e-02
6.829375028610229492e-02
9.369662404060363770e-02
9.898471832275390625e-02
8.520440012216567993e-02
5.478825047612190247e-02
-8.713401854038238525e-03
-1.079520508646965027e-01
-2.201227247714996338e-01
-2.989096343517303467e-01
-3.027789592742919922e-01
-2.278696000576019287e-01
-1.135080084204673767e-01
-1.021616905927658081e-02
5.546860396862030029e-02
8.601833134889602661e-02
9.659312665462493896e-02
9.935763478279113770e-02
9.990545362234115601e-02
9.998067468404769897e-02
9.996392577886581421e-02
9.994759410619735718e-02
9.994035214185714722e-02
9.994681924581527710e-02
9.996285289525985718e-02
9.997974336147308350e-02
9.999144077301025391e-02
9.999720752239227295e-02
9.999930858612060547e-02
9.999987483024597168e-02
9.999998658895492554e-02
1.000000014901161194e-01
1.000000014901161194e-01
1.000000014901161194e-01
9.792531281709671021e-02
9.611601382493972778e-02
9.431923180818557739e-02
9.344944357872009277e-02
9.404049068689346313e-02
9.573175758123397827e-02
9.761320054531097412e-02
9.896960109472274780e-02
9.965933859348297119e-02
9.991548955440521240e-02
9.998518973588943481e-02
9.999852627515792847e-02
1.000000610947608948e-01
1.000000536441802979e-01
1.000000163912773132e-01
4.680865257978439331e-02
4.853084683418273926e-04
-4.547082632780075073e-02
-6.763955205678939819e-02
-5.236842483282089233e-02
-8.944675326347351074e-03
3.925243020057678223e-02
7.388272881507873535e-02
9.140129387378692627e-02
9.787026047706604004e-02
9.962505847215652466e-02
9.996172785758972168e-02
1.000010222196578979e-01
1.000012382864952087e-01
1.000002473592758179e-01
-6.408452242612838745e-02
-1.998006701469421387e-01
-3.245357275009155273e-01
-3.654514551162719727e-01
-2.900330424308776855e-01
-1.453638076782226562e-01
-1.219647377729415894e-02
6.451091170310974121e-02
9.219756722450256348e-02
9.837263077497482300e-02
9.948170930147171021e-02
9.981612116098403931e-02
9.994259476661682129e-02
9.998197853565216064e-02
9.999393671751022339e-02
2.605145871639251709e-01
4.743132889270782471e-01
7.945557236671447754e-01
1.166342139244079590e+00
1.445685029029846191e+00
1.444864869117736816e+00
1.130087375640869141e+00
6.904662251472473145e-01
3.446601033210754395e-01
1.704720258712768555e-01
1.138693690299987793e-01
1.016192138195037842e-01
9.974449127912521362e-02
9.969210624694824219e-02
9.985243529081344604e-02
7.910631299018859863e-01
1.263103008270263672e+00
1.763049125671386719e+00
2.313850164413452148e+00
2.779064893722534180e+00
2.714391708374023438e+00
2.040929317474365234e+00
1.274135947227478027e+00
7.768044471740722656e-01
4.985314309597015381e-01
3.098393678665161133e-01
1.788255274295806885e-01
1.146904677152633667e-01
9.798448532819747925e-02
9.761317074298858643e-02
1.815495491027832031e+00
2.241520643234252930e+00
2.129670143127441406e+00
2.140562057495117188e+00
2.675792217254638672e+00
2.787343978881835938e+00
2.109627723693847656e+00
1.650292277336120605e+00
1.666439056396484375e+00
1.512038826942443848e+00
1.017024278640747070e+00
5.119087696075439453e-01
2.289713323116302490e-01
1.326450705528259277e-01
1.087344735860824585e-01
1.717507004737854004e+00
2.202037334442138672e+00
2.172766923904418945e+00
2.053141832351684570e+00
2.251363515853881836e+00
2.321622371673583984e+00
2.073513269424438477e+00
1.976229310035705566e+00
1.921451807022094727e+00
1.605890393257141113e+00
1.323752522468566895e+00
1.206383347511291504e+00
1.001624464988708496e+00
6.640428304672241211e-01
3.604670464992523193e-01
1.559097170829772949e+00
2.250757694244384766e+00
2.425710201263427734e+00
2.234647035598754883e+00
2.174071311950683594e+00
2.252336263656616211e+00
2.339048147201538086e+00
2.424764156341552734e+00
2.241378307342529297e+00
1.861486077308654785e+00
1.846808314323425293e+00
2.053364276885986328e+00
1.847047686576843262e+00
1.231286168098449707e+00
6.354165077209472656e-01
1.243958115577697754e+00
2.278054237365722656e+00
2.442382335662841797e+00
2.076274871826171875e+00
2.328279256820678711e+00
2.768150329589843750e+00
2.551938533782958984e+00
2.130822181701660156e+00
2.192858934402465820e+00
2.594089508056640625e+00
2.730115413665771484e+00
2.356673002243041992e+00
1.702237248420715332e+00
1.060575723648071289e+00
5.836043953895568848e-01
1.044298648834228516e+00
1.899988412857055664e+00
2.198479175567626953e+00
2.112534761428833008e+00
2.367824077606201172e+00
2.603545904159545898e+00
2.087341070175170898e+00
1.127148985862731934e+00
6.302790045738220215e-01
8.441215157508850098e-01
1.165819048881530762e+00
1.150859951972961426e+00
8.926847577095031738e-01
5.985929369926452637e-01
3.658253252506256104e-01
8.992963433265686035e-01
1.406561255455017090e+00
1.858971714973449707e+00
2.138816356658935547e+00
2.219320535659790039e+00
2.018222570419311523e+00
1.214535236358642578e+00
-2.366768419742584229e-01
-1.491852641105651855e+00
-1.734626293182373047e+00
-1.174227118492126465e+00
-4.931751787662506104e-01
-7.649511843919754028e-02
8.021609485149383545e-02
1.122256368398666382e-01
2.874029278755187988e-01
3.229855597019195557e-01
2.252357602119445801e-01
-7.022836059331893921e-02
-5.069510340690612793e-01
-9.101133346557617188e-01
-1.186351537704467773e+00
-1.339130043983459473e+00
-1.280894994735717773e+00
-9.581910371780395508e-01
-5.256717801094055176e-01
-1.815034449100494385e-01
4.968971014022827148e-03
7.626608014106750488e-02
9.585123509168624878e-02
8.282790333032608032e-02
3.754124045372009277e-04
-2.048113346099853516e-01
-5.571189522743225098e-01
-9.795873165130615234e-01
-1.295851111412048340e+00
-1.350340843200683594e+00
-1.126934409141540527e+00
-7.483261823654174805e-01
-3.774428367614746094e-01
-1.167924329638481140e-01
2.117861062288284302e-02
7.727006077766418457e-02
9.485404938459396362e-02
9.909451007843017578e-02
9.707568585872650146e-02
8.687879890203475952e-02
6.233943626284599304e-02
2.078963071107864380e-02
-2.864458411931991577e-02
-6.528916209936141968e-02
-7.066036015748977661e-02
-4.280442744493484497e-02
2.971932291984558105e-03
4.663482308387756348e-02
7.641146332025527954e-02
9.166447818279266357e-02
9.765946120023727417e-02
9.948135912418365479e-02
9.990945458412170410e-02
9.999646991491317749e-02
9.999334067106246948e-02
9.999019652605056763e-02
9.998870640993118286e-02
9.998980909585952759e-02
9.999278187751770020e-02
9.999597817659378052e-02
9.999824315309524536e-02
9.999939799308776855e-02
9.999983757734298706e-02
9.999996423721313477e-02
9.999999403953552246e-02
1.000000014901161194e-01
1.000000014901161194e-01
1.000000014901161194e-01
9.950052946805953979e-02
9.905444830656051636e-02
9.860268980264663696e-02
9.837887436151504517e-02
9.852369874715805054e-02
9.894192963838577271e-02
9.940260648727416992e-02
9.973488748073577881e-02
9.990752488374710083e-02
9.997474402189254761e-02
9.999465197324752808e-02
9.999913722276687622e-02
9.999989718198776245e-02
9.999999403953552246e-02
1.000000014901161194e-01
8.733612298965454102e-02
7.612367719411849976e-02
6.479818373918533325e-02
5.914823338389396667e-02
6.265995651483535767e-02
7.303189486265182495e-02
8.458235859870910645e-02
9.302604943513870239e-02
9.749684482812881470e-02
9.928610920906066895e-02
9.983795881271362305e-02
9.997046738862991333e-02
9.999560564756393433e-02
9.999944269657135010e-02
9.999993443489074707e-02
9.437059611082077026e-02
9.819899499416351318e-02
1.053090766072273254e-01
1.066461578011512756e-01
9.589649736881256104e-02
8.078712224960327148e-02
7.364507764577865601e-02
7.741293311119079590e-02
8.621989935636520386e-02
9.367211908102035522e-02
9.773635864257812500e-02
9.935515373945236206e-02
9.985046088695526123e-02
9.997110813856124878e-02
9.999524056911468506e-02
5.144947171211242676e-01
9.809374213218688965e-01
1.488674163818359375e+00
1.717626810073852539e+00
1.465704321861267090e+00
9.067389369010925293e-01
3.930333554744720459e-01
1.181446537375450134e-01
4.788880050182342529e-02
6.197464466094970703e-02
8.431402593851089478e-02
9.563512355089187622e-02
9.921520203351974487e-02
9.995830804109573364e-02
1.000272855162620544e-01
7.660042047500610352e-01
1.500275611877441406e+00
2.294497489929199219e+00
2.674401998519897461e+00
2.354188442230224609e+00
1.591094613075256348e+00
8.838281035423278809e-01
4.876770079135894775e-01
3.351391255855560303e-01
2.646003961563110352e-01
2.042284905910491943e-01
1.547979116439819336e-01
1.241186559200286865e-01
1.090472638607025146e-01
1.027685031294822693e-01
5.498829483985900879e-01
9.319666624069213867e-01
1.308366179466247559e+00
1.565030574798583984e+00
1.691183686256408691e+00
1.751100301742553711e+00
1.788672208786010742e+00
1.752009868621826172e+00
1.534283399581909180e+00
1.142489433288574219e+00
7.366839051246643066e-01
4.420953989028930664e-01
2.652493715286254883e-01
1.685794591903686523e-01
1.217678636312484741e-01
1.445349931716918945e+00
1.763875365257263184e+00
1.751333117485046387e+00
1.697824001312255859e+00
1.834001183509826660e+00
1.949230670928955078e+00
1.922401309013366699e+00
1.916149139404296875e+00
1.847591876983642578e+00
1.611131191253662109e+00
1.388703107833862305e+00
1.198427319526672363e+00
8.850018978118896484e-01
5.087538957595825195e-01
2.394724190235137939e-01
2.222467899322509766e+00
2.709309577941894531e+00
2.531631469726562500e+00
2.230391979217529297e+00
2.291851758956909180e+00
2.278121471405029297e+00
2.025904178619384766e+00
2.057349920272827148e+00
2.242608070373535156e+00
2.186525344848632812e+00
2.068212032318115234e+00
1.899279952049255371e+00
1.431586980819702148e+00
8.035693168640136719e-01
3.405348658561706543e-01
5.975597500801086426e-01
1.614494800567626953e+00
2.071571588516235352e+00
1.980771541595458984e+00
2.032613277435302734e+00
1.932916641235351562e+00
1.687956929206848145e+00
2.088846921920776367e+00
2.711560010910034180e+00
2.584336519241333008e+00
1.883120059967041016e+00
1.200088620185852051e+00
7.090883255004882812e-01
3.790896534919738770e-01
1.888813972473144531e-01
7.990868091583251953e-01
1.477536439895629883e+00
1.672102332115173340e+00
1.728626370429992676e+00
2.326162815093994141e+00
2.857454538345336914e+00
2.768160343170166016e+00
2.561249256134033203e+00
2.367774963378906250e+00
1.864287614822387695e+00
1.179881691932678223e+00
6.420444846153259277e-01
3.390647768974304199e-01
1.932711005210876465e-01
1.269198358058929443e-01
1.662217140197753906e+00
1.731570124626159668e+00
1.361879944801330566e+00
1.526141643524169922e+00
2.832934141159057617e+00
4.208209991455078125e+00
4.307044029235839844e+00
3.182197809219360352e+00
1.786126971244812012e+00
8.229541778564453125e-01
3.618344366550445557e-01
1.876628696918487549e-01
1.293833553791046143e-01
1.098249629139900208e-01
1.026619225740432739e-01
5.812548398971557617e-01
5.971073508262634277e-01
4.791329801082611084e-01
5.011678934097290039e-01
8.320880532264709473e-01
1.184088110923767090e+00
1.189511060714721680e+00
8.604321479797363281e-01
4.716378748416900635e-01
2.265714704990386963e-01
1.298371553421020508e-01
1.047298088669776917e-01
1.005262434482574463e-01
1.000964418053627014e-01
1.000360399484634399e-01
1.464430987834930420e-01
1.586903780698776245e-01
1.523916125297546387e-01
1.303297281265258789e-01
1.029837876558303833e-01
7.538440078496932983e-02
5.189600586891174316e-02
4.151329398155212402e-02
4.840081557631492615e-02
6.597667932510375977e-02
8.305604010820388794e-02
9.353912621736526489e-02
9.809833019971847534e-02
9.956692159175872803e-02
9.992337226867675781e-02
1.035276651382446289e-01
1.049367785453796387e-01
1.046750620007514954e-01
1.018918827176094055e-01
9.712979942560195923e-02
9.225303679704666138e-02
8.938983827829360962e-02
8.957704901695251465e-02
9.211815148591995239e-02
9.532380104064941406e-02
9.781783819198608398e-02
9.919776022434234619e-02
9.976805746555328369e-02
9.994745999574661255e-02
9.999066591262817383e-02
9.999936074018478394e-02
9.999880194664001465e-02
9.999823570251464844e-02
9.999796003103256226e-02
9.999815374612808228e-02
9.999868273735046387e-02
9.999925643205642700e-02
9.999966621398925781e-02
9.999988228082656860e-02
9.999997168779373169e-02
9.999999403953552246e-02
1.000000014901161194e-01
1.000000014901161194e-01
1.000000014901161194e-01
1.000000014901161194e-01
9.989690035581588745e-02
9.980605542659759521e-02
9.971488267183303833e-02
9.967029094696044922e-02
9.969992190599441528e-02
9.978435933589935303e-02
9.987739473581314087e-02
9.994487464427947998e-02
9.998033940792083740e-02
9.999443590641021729e-02
9.999874979257583618e-02
9.999977797269821167e-02
9.999997168779373169e-02
9.999999403953552246e-02
1.000000014901161194e-01
9.744356572628021240e-02
9.523278474807739258e-02
9.303431212902069092e-02
9.195879846811294556e-02
9.265030920505523682e-02
9.465926885604858398e-02
9.690552949905395508e-02
9.856874495744705200e-02
9.946935623884201050e-02
9.984174370765686035e-02
9.996180981397628784e-02
9.999244660139083862e-02
9.999875724315643311e-02
9.999983012676239014e-02
9.999997913837432861e-02
1.055658981204032898e-01
1.140802279114723206e-01
1.244204938411712646e-01
1.295361667871475220e-01
1.243135705590248108e-01
1.124982461333274841e-01
1.021995916962623596e-01
9.760722517967224121e-02
9.742821753025054932e-02
9.859571605920791626e-02
9.946775436401367188e-02
9.984795004129409790e-02
9.996603429317474365e-02
9.999398887157440186e-02
9.999916702508926392e-02
2.556811869144439697e-01
4.335611760616302490e-01
6.333020329475402832e-01
7.341518998146057129e-01
6.531194448471069336e-01
4.474744498729705811e-01
2.480584383010864258e-01
1.330247670412063599e-01
9.543407708406448364e-02
9.283486753702163696e-02
9.686357527971267700e-02
9.924544394016265869e-02
9.995696693658828735e-02
1.000520884990692139e-01
1.000279188156127930e-01
2.169454395771026611e-01
4.307258129119873047e-01
7.341480255126953125e-01
9.708303213119506836e-01
9.840764403343200684e-01
7.933967113494873047e-01
5.460376143455505371e-01
3.565835952758789062e-01
2.448998093605041504e-01
1.817048192024230957e-01
1.439539194107055664e-01
1.219479292631149292e-01
1.099972650408744812e-01
1.039879471063613892e-01
1.013019457459449768e-01
-2.974438965320587158e-01
-4.304376542568206787e-01
-2.940715253353118896e-01
1.566218286752700806e-01
7.203863263130187988e-01
1.130753755569458008e+00
1.250661611557006836e+00
1.114056944847106934e+00
8.431053161621093750e-01
5.643978118896484375e-01
3.579819798469543457e-01
2.348992824554443359e-01
1.663030385971069336e-01
1.281845271587371826e-01
1.092697009444236755e-01
5.452076196670532227e-01
5.583738684654235840e-01
6.644300818443298340e-01
9.583001136779785156e-01
1.277833342552185059e+00
1.477709293365478516e+00
1.560231328010559082e+00
1.540133237838745117e+00
1.360476493835449219e+00
1.054446578025817871e+00
7.827626466751098633e-01
5.928257107734680176e-01
4.178344607353210449e-01
2.570304572582244873e-01
1.531105488538742065e-01
1.360951781272888184e+00
1.690411806106567383e+00
1.921950697898864746e+00
2.084473848342895508e+00
2.092835664749145508e+00
2.035903930664062500e+00
2.110532045364379883e+00
2.262741327285766602e+00
2.165623188018798828e+00
1.734155535697937012e+00
1.275931596755981445e+00
9.431974887847900391e-01
6.420150995254516602e-01
3.671088814735412598e-01
1.893633008003234863e-01
4.168629050254821777e-01
1.175959587097167969e+00
1.885406851768493652e+00
2.182445049285888672e+00
2.232400178909301758e+00
2.454336166381835938e+00
2.999776124954223633e+00
3.484797000885009766e+00
3.300523996353149414e+00
2.386998653411865234e+00
1.363996267318725586e+00
6.958009600639343262e-01
3.595700263977050781e-01
1.990845501422882080e-01
1.264564394950866699e-01
-1.575543731451034546e-02
2.003780305385589600e-01
3.561786711215972900e-01
4.614044725894927979e-01
8.054887652397155762e-01
1.461743712425231934e+00
2.174366474151611328e+00
2.565082311630249023e+00
2.350805759429931641e+00
1.639488577842712402e+00
8.921400308609008789e-01
4.212111532688140869e-01
2.092546224594116211e-01
1.312030404806137085e-01
1.052978932857513428e-01
-2.244438529014587402e-01
-8.500089049339294434e-01
-1.572614550590515137e+00
-1.764832377433776855e+00
-1.058493971824645996e+00
6.349549442529678345e-02
8.357075452804565430e-01
9.964071512222290039e-01
7.727594971656799316e-01
4.796877205371856689e-01
2.727760374546051025e-01
1.651579141616821289e-01
1.205317303538322449e-01
1.053002774715423584e-01
1.009042784571647644e-01
1.648267358541488647e-02
-1.702302396297454834e-01
-3.856607973575592041e-01
-4.440067112445831299e-01
-2.433883845806121826e-01
7.012847810983657837e-02
2.758621871471405029e-01
3.078216910362243652e-01
2.429977655410766602e-01
1.727538406848907471e-01
1.304686665534973145e-01
1.108982861042022705e-01
1.032602488994598389e-01
1.007840707898139954e-01
1.001416370272636414e-01
1.060960292816162109e-01
1.046904474496841431e-01
1.010910123586654663e-01
1.006668508052825928e-01
1.066649854183197021e-01
1.140020489692687988e-01
1.158746778964996338e-01
1.118888780474662781e-01
1.062879636883735657e-01
1.024651378393173218e-01
1.007737144827842712e-01
1.002123355865478516e-01
1.000531837344169617e-01
1.000116914510726929e-01
1.000019535422325134e-01
1.010992005467414856e-01
1.017406433820724487e-01
1.022410392761230469e-01
1.024431586265563965e-01
1.022988185286521912e-01
1.018278449773788452e-01
1.011644005775451660e-01
1.005456298589706421e-01
1.001490801572799683e-01
9.998882561922073364e-02
9.996468573808670044e-02
9.997973591089248657e-02
9.999274462461471558e-02
9.999813884496688843e-02
9.999964386224746704e-02
9.999997168779373169e-02
9.999994933605194092e-02
9.999993443489074707e-02
9.999992698431015015e-02
9.999993443489074707e-02
9.999995678663253784e-02
9.999997913837432861e-02
9.999999403953552246e-02
1.000000014901161194e-01
1.000000014901161194e-01
1.000000014901161194e-01
1.000000014901161194e-01
1.000000014901161194e-01
1.000000014901161194e-01
1.000000014901161194e-01
9.999583661556243896e-02
9.999261796474456787e-02
9.998984634876251221e-02
9.998903423547744751e-02
9.999065846204757690e-02
9.999367594718933105e-02
9.999658167362213135e-02
9.999851137399673462e-02
9.999947994947433472e-02
9.999985247850418091e-02
9.999997168779373169e-02
9.999999403953552246e-02
1.000000014901161194e-01
1.000000014901161194e-01
1.000000014901161194e-01
9.993485361337661743e-02
9.990108758211135864e-02
9.988969564437866211e-02
9.990991652011871338e-02
9.994722157716751099e-02
9.997896850109100342e-02
9.999472647905349731e-02
9.999921917915344238e-02
9.999988973140716553e-02
9.999994933605194092e-02
9.999998658895492554e-02
1.000000014901161194e-01
1.000000089406967163e-01
1.000000014901161194e-01
1.000000014901161194e-01
1.035000607371330261e-01
1.076195389032363892e-01
1.127000525593757629e-01
1.162295043468475342e-01
1.159077808260917664e-01
1.120387688279151917e-01
1.070547103881835938e-01
1.032066643238067627e-01
1.011422127485275269e-01
1.003230512142181396e-01
1.000740379095077515e-01
1.000144407153129578e-01
1.000026464462280273e-01
1.000005230307579041e-01
1.000001206994056702e-01
1.386986374855041504e-01
1.848693192005157471e-01
2.425669729709625244e-01
2.837671637535095215e-01
2.820433080196380615e-01
2.397513687610626221e-01
1.836299896240234375e-01
1.393100768327713013e-01
1.148215457797050476e-01
1.046439558267593384e-01
1.012945175170898438e-01
1.003643497824668884e-01
1.001160815358161926e-01
1.000398769974708557e-01
1.000127419829368591e-01
4.746510088443756104e-02
6.152482330799102783e-02
1.436194926500320435e-01
2.754055857658386230e-01
3.840704262256622314e-01
4.084470272064208984e-01
3.506373763084411621e-01
2.616401910781860352e-01
1.867327392101287842e-01
1.405247449874877930e-01
1.174721196293830872e-01
1.074165627360343933e-01
1.031392440199851990e-01
1.012345701456069946e-01
1.004151180386543274e-01
-3.595667183399200439e-01
-5.832984447479248047e-01
-5.688570141792297363e-01
-2.265558540821075439e-01
2.715331315994262695e-01
6.412482261657714844e-01
7.350583672523498535e-01
6.182476878166198730e-01
4.343874454498291016e-01
2.820797264575958252e-01
1.897098422050476074e-01
1.432569324970245361e-01
1.204723045229911804e-01
1.086730509996414185e-01
1.030236110091209412e-01
7.558804750442504883e-02
-1.062153503298759460e-01
-1.635963618755340576e-01
-3.156032413244247437e-02
1.540485918521881104e-01
3.527235686779022217e-01
5.766193270683288574e-01
7.310403585433959961e-01
7.162459492683410645e-01
5.651621222496032715e-01
4.005097150802612305e-01
2.852959632873535156e-01
2.057649791240692139e-01
1.498826295137405396e-01
1.182295531034469604e-01
4.950160682201385498e-01
4.352433085441589355e-01
3.733784854412078857e-01
2.934279143810272217e-01
1.365917623043060303e-01
1.921215951442718506e-01
6.354688405990600586e-01
1.120494723320007324e+00
1.243163347244262695e+00
9.993368983268737793e-01
6.724233031272888184e-01
4.385694265365600586e-01
2.867919802665710449e-01
1.865597963333129883e-01
1.313581764698028564e-01
1.191954314708709717e-02
1.965039670467376709e-01
4.072417914867401123e-01
4.364506304264068604e-01
4.128791689872741699e-01
8.307654261589050293e-01
1.715598940849304199e+00
2.360950469970703125e+00
2.239403963088989258e+00
1.546839952468872070e+00
8.347699046134948730e-01
4.051242470741271973e-01
2.141628563404083252e-01
1.396675854921340942e-01
1.121238991618156433e-01
-3.394060432910919189e-01
-4.632544815540313721e-01
-5.567864775657653809e-01
-6.218156814575195312e-01
-4.772624671459197998e-01
1.108061820268630981e-01
9.727216958999633789e-01
1.543916940689086914e+00
1.500975131988525391e+00
1.038754582405090332e+00
5.593928098678588867e-01
2.741774022579193115e-01
1.551211923360824585e-01
1.155168339610099792e-01
1.039191409945487976e-01
-6.198890209197998047e-01
-1.227033138275146484e+00
-1.811350703239440918e+00
-2.043082714080810547e+00
-1.734634757041931152e+00
-1.049353480339050293e+00
-3.550795316696166992e-01
7.976645231246948242e-02
2.271612584590911865e-01
2.121167629957199097e-01
1.587127894163131714e-01
1.224211677908897400e-01
1.068455278873443604e-01
1.017848774790763855e-01
1.004100367426872253e-01
-1.032461896538734436e-01
-2.815149128437042236e-01
-4.539084136486053467e-01
-5.216713547706604004e-01
-4.333802163600921631e-01
-2.440368235111236572e-01
-5.919303745031356812e-02
5.576466396450996399e-02
1.009919047355651855e-01
1.087249740958213806e-01
1.054387688636779785e-01
1.021298021078109741e-01
1.006128042936325073e-01
1.001358851790428162e-01
1.000237837433815002e-01
9.285424649715423584e-02
8.636644482612609863e-02
7.996385544538497925e-02
7.733620703220367432e-02
8.048363029956817627e-02
8.740301430225372314e-02
9.416712820529937744e-02
9.835511445999145508e-02
9.999343752861022949e-02
1.002804338932037354e-01
1.001760810613632202e-01
1.000681146979331970e-01
1.000191494822502136e-01
1.000040769577026367e-01
1.000006645917892456e-01
1.000160202383995056e-01
1.000046581029891968e-01
9.997823089361190796e-02
9.995429217815399170e-02
9.995234012603759766e-02
9.996996074914932251e-02
9.998959302902221680e-02
9.999969601631164551e-02
1.000013202428817749e-01
1.000003367662429810e-01
9.999978542327880859e-02
9.999978542327880859e-02
9.999990463256835938e-02
9.999997168779373169e-02
9.999999403953552246e-02
1.000000014901161194e-01
1.000000014901161194e-01
1.000000014901161194e-01
1.000000014901161194e-01
1.000000014901161194e-01
1.000000014901161194e-01
1.000000014901161194e-01
1.000000014901161194e-01
1.000000014901161194e-01
1.000000014901161194e-01
1.000000014901161194e-01
1.000000014901161194e-01
1.000000014901161194e-01
1.000000014901161194e-01
1.000000014901161194e-01
9.999993443489074707e-02
9.999993443489074707e-02
9.999999403953552246e-02
1.000000834465026855e-01
1.000001505017280579e-01
1.000001579523086548e-01
1.000001132488250732e-01
1.000000536441802979e-01
1.000000238418579102e-01
1.000000089406967163e-01
1.000000014901161194e-01
1.000000014901161194e-01
1.000000014901161194e-01
1.000000014901161194e-01
1.000000014901161194e-01
1.000030413269996643e-01
1.000083982944488525e-01
1.000164151191711426e-01
1.000234708189964294e-01
1.000250428915023804e-01
1.000203117728233337e-01
1.000126227736473083e-01
1.000060513615608215e-01
1.000022664666175842e-01
1.000006794929504395e-01
1.000001654028892517e-01
1.000000312924385071e-01
1.000000089406967163e-01
1.000000014901161194e-01
1.000000014901161194e-01
1.003997847437858582e-01
1.008621677756309509e-01
1.014334186911582947e-01
1.018396094441413879e-01
1.018237918615341187e-01
1.014062240719795227e-01
1.008464992046356201e-01
1.003995761275291443e-01
1.001498028635978699e-01
1.000452935695648193e-01
1.000112891197204590e-01
1.000024080276489258e-01
1.000004708766937256e-01
1.000000908970832825e-01
1.000000163912773132e-01
1.040175482630729675e-01
1.088708043098449707e-01
1.150471121072769165e-01
1.196425482630729675e-01
1.197785586118698120e-01
1.154968664050102234e-01
1.095077991485595703e-01
1.046075671911239624e-01
1.017994731664657593e-01
1.005835607647895813e-01
1.001659259200096130e-01
1.000459119677543640e-01
1.000139042735099792e-01
1.000045686960220337e-01
1.000014320015907288e-01
9.291110187768936157e-02
9.429261088371276855e-02
1.040654107928276062e-01
1.197945103049278259e-01
1.323959231376647949e-01
1.347085237503051758e-01
1.275223195552825928e-01
1.172105893492698669e-01
1.089456528425216675e-01
1.040674820542335510e-01
1.017286702990531921e-01
1.007404476404190063e-01
1.003222689032554626e-01
1.001303568482398987e-01
1.000448167324066162e-01
2.240542322397232056e-02
-2.504575997591018677e-02
-5.020376294851303101e-02
-3.748642653226852417e-02
2.424687147140502930e-03
4.733487218618392944e-02
8.141875267028808594e-02
1.004466414451599121e-01
1.072933375835418701e-01
1.072413250803947449e-01
1.051145046949386597e-01
1.032262444496154785e-01
1.018327176570892334e-01
1.008609160780906677e-01
1.003186851739883423e-01
-2.284647524356842041e-01
-5.842079520225524902e-01
-1.033578634262084961e+00
-1.445963978767395020e+00
-1.649168252944946289e+00
-1.510711908340454102e+00
-1.078925967216491699e+00
-5.767369866371154785e-01
-2.007181942462921143e-01
-4.022493958473205566e-04
7.942101359367370605e-02
1.037633419036865234e-01
1.071975752711296082e-01
1.045157909393310547e-01
1.018624380230903625e-01
-5.396211743354797363e-01
-1.249855399131774902e+00
-2.173443794250488281e+00
-3.039027929306030273e+00
-3.466500282287597656e+00
-3.173664569854736328e+00
-2.275051116943359375e+00
-1.245192050933837891e+00
-4.874982535839080811e-01
-9.274557977914810181e-02
5.997761338949203491e-02
1.053008586168289185e-01
1.120019927620887756e-01
1.076482981443405151e-01
1.031726002693176270e-01
-6.798250079154968262e-01
-1.423782706260681152e+00
-2.323204755783081055e+00
-3.052635669708251953e+00
-3.228691101074218750e+00
-2.695719718933105469e+00
-1.712996840476989746e+00
-7.743263244628906250e-01
-1.904159188270568848e-01
4.897276312112808228e-02
1.064756959676742554e-01
1.100327000021934509e-01
1.061168462038040161e-01
1.029318273067474365e-01
1.011141017079353333e-01
-4.152089059352874756e-01
-8.863809704780578613e-01
-1.436677694320678711e+00
-1.850218772888183594e+00
-1.894934296607971191e+00
-1.511422514915466309e+00
-8.929991126060485840e-01
-3.412772715091705322e-01
-2.156820893287658691e-02
9.420356154441833496e-02
1.119407564401626587e-01
1.068378835916519165e-01
1.026566326618194580e-01
1.009448543190956116e-01
1.003123372793197632e-01
-3.794021159410476685e-02
-1.590976715087890625e-01
-2.848643660545349121e-01
-3.538494110107421875e-01
-3.228013217449188232e-01
-2.080749273300170898e-01
-7.105553895235061646e-02
3.199908882379531860e-02
8.422292768955230713e-02
1.007361486554145813e-01
1.023957133293151855e-01
1.011691093444824219e-01
1.003912016749382019e-01
1.001141816377639771e-01
1.000318452715873718e-01
7.232058048248291016e-02
4.846256226301193237e-02
2.528016269207000732e-02
1.546037942171096802e-02
2.585574984550476074e-02
5.004588514566421509e-02
7.477472722530364990e-02
9.113555401563644409e-02
9.840257465839385986e-02
1.003385782241821289e-01
1.003917902708053589e-01
1.001688018441200256e-01
1.000484749674797058e-01
1.000103652477264404e-01
1.000017747282981873e-01
9.899677336215972900e-02
9.811847656965255737e-02
9.725678712129592896e-02
9.688454121351242065e-02
9.726206213235855103e-02
9.815341979265213013e-02
9.906601160764694214e-02
9.966964274644851685e-02
9.993813186883926392e-02
1.000106036663055420e-01
1.000136211514472961e-01
1.000059545040130615e-01
1.000017076730728149e-01
1.000003516674041748e-01
1.000000536441802979e-01
9.999646246433258057e-02
9.999164938926696777e-02
9.998555481433868408e-02
9.998127818107604980e-02
9.998162090778350830e-02
9.998617321252822876e-02
9.999202936887741089e-02
9.999652951955795288e-02
9.999890625476837158e-02
9.999979287385940552e-02
1.000000014901161194e-01
1.000000238418579102e-01
1.000000089406967163e-01
1.000000014901161194e-01
1.000000014901161194e-01
